0.0013325
0.0013325
0.0013325
0.0013325
0.0013325
0.0013325
0.0013325
0.0013325
0.0013325
0.0013325
0.0013325
0.0013325
0.0013325
0.0013325
0.0013325
0.0013325
0.0013325
0.0013325
0.0013325
0.0013325
0.0013325
0.0013325
0.0013325
0.0013325
0.0013325
0.0013325
0.0013325
0.0013325
0.0013325
0.0013325
0.0013325
0.0013325
0.0013325
0.0013325
0.0013325
0.0013325
0.0013325
0.0013325
0.0013325
0.0013325
0.0013325
0.0013325
0.0013325
0.0013325
0.0013325
0.0013325
0.0013325
0.0013325
0.0013325
0.0013325
0.0013325
0.0013325
0.0013325
0.0013325
0.0013325
0.0013325
0.0013325
0.0013325
0.0013325
0.0013325
0.0013325
0.0013325
0.0013325
0.0013325
0.0013325
0.0013325
0.0013325
0.0013325
0.0013325
0.0013325
0.0013325
0.0013325
0.0013325
0.0013325
0.0013325
0.0013325
0.0013325
0.0013325
0.0013325
0.0013325
0.0013325
0.0013325
0.0013325
0.0013325
0.0013325
0.0013325
0.0013325
0.0013325
0.0013325
0.0013325
0.0013325
0.0013325
0.0013325
0.0013325
0.0013325
0.0013325
0.0013325
0.0013325
0.0013325
0.0013325
0.0013325
0.0013325
0.0013325
0.0013325
0.0013325
0.0013325
0.0013325
0.0013325
0.0013325
0.0013325
0.0013325
0.0013325
0.0013325
0.0013325
0.0013325
0.0013325
0.0013325
0.0013325
0.0013325
0.0013325
0.0013325
0.00133251
0.00133251
0.00133251
0.00133251
0.00133251
0.00133251
0.00133252
0.00133252
0.00133252
0.00133253
0.00133253
0.00133254
0.00133254
0.00133255
0.00133256
0.00133257
0.00133259
0.0013326
0.00133262
0.00133264
0.00133267
0.0013327
0.00133274
0.00133278
0.00133283
0.00133289
0.00133296
0.00133304
0.00133313
0.00133324
0.00133336
0.0013335
0.00133367
0.00133386
0.00133408
0.00133433
0.00133461
0.00133493
0.00133529
0.00133569
0.00133615
0.00133666
0.00133722
0.00133784
0.00133853
0.00133929
0.00134011
0.00134101
0.00134199
0.00134304
0.00134418
0.0013454
0.00134671
0.00134811
0.00134959
0.00135116
0.00135282
0.00135457
0.00135642
0.00135835
0.00136037
0.00136249
0.00136469
0.00136699
0.00136937
0.00137184
0.0013744
0.00137705
0.00137978
0.0013826
0.0013855
0.00138848
0.00139155
0.00139469
0.00139791
0.00140121
0.00140459
0.00140804
0.00141156
0.00141515
0.00141882
0.00142255
0.00142634
0.0014302
0.00143413
0.00143811
0.00144215
0.00144625
0.0014504
0.00145461
0.00145887
0.00146318
0.00146753
0.00147193
0.00147637
0.00148086
0.00148538
0.00148994
0.00149454
0.00149917
0.00150383
0.00150851
0.00151323
0.00151797
0.00152274
0.00152752
0.00153233
0.00153715
0.00154199
0.00154685
0.00155171
0.00155658
0.00156147
0.00156635
0.00157125
0.00157614
0.00158104
0.00158594
0.00159083
0.00159573
0.00160061
0.00160549
0.00161036
0.00161522
0.00162007
0.0016249
0.00162972
0.00163453
0.00163932
0.00164409
0.00164884
0.00165357
0.00165828
0.00166491
0.00167167
0.00167838
0.00168506
0.0016917
0.00169829
0.00170484
0.00171135
0.00171781
0.00172423
0.0017306
0.00173691
0.00174318
0.00174939
0.00175556
0.00176166
0.00176772
0.00177372
0.00177966
0.00178554
0.00179137
0.00179714
0.00180285
0.00180851
0.0018141
0.00181963
0.0018251
0.00183051
0.00183586
0.00184115
0.00184637
0.00185154
0.00185664
0.00186167
0.00186665
0.00187156
0.00187641
0.0018812
0.00188592
0.00189058
0.00189518
0.00189972
0.00190419
0.0019086
0.00191295
0.00191723
0.00192146
0.00192562
0.00192972
0.00193376
0.00193774
0.00194166
0.00194551
0.00194931
0.00195305
0.00195673
0.00196035
0.00196392
0.00196742
0.00197087
0.00197426
0.00197759
0.00198087
0.00198409
0.00198726
0.00199037
0.00199343
0.00199644
0.00199939
0.00200229
0.00200514
0.00200794
0.00201069
0.00201338
0.00201603
0.00201863
0.00202118
0.00202368
0.00202613
0.00202854
0.0020309
0.00203322
0.00203549
0.00203772
0.0020399
0.00204205
0.00204414
0.0020462
0.00204821
0.00205019
0.00205212
0.00205402
0.00205587
0.00205769
0.00205947
0.00206122
0.00206292
0.00206459
0.00206623
0.00206783
0.00206939
0.00207093
0.00207242
0.00207389
0.00207533
0.00207673
0.0020781
0.00207944
0.00208075
0.00208204
0.00208329
0.00208452
0.00208571
0.00208688
0.00208803
0.00208915
0.00209024
0.0020913
0.00209234
0.00209336
0.00209436
0.00209533
0.00209627
0.0020972
0.0020981
0.00209898
0.00209984
0.00210068
0.0021015
0.0021023
0.00210308
0.00210384
0.00210458
0.0021053
0.00210601
0.0021067
0.00210737
0.00210802
0.00210866
0.00210928
0.00210989
0.00211048
0.00211105
0.00211161
0.00211216
0.00211269
0.00211321
0.00211372
0.00211421
0.00211469
0.00211515
0.00211561
0.00211605
0.00211648
0.0021169
0.00211731
0.00211771
0.00211809
0.00211847
0.00211884
0.00211919
0.00211954
0.00211988
0.00212021
0.00212053
0.00212084
0.00212114
0.00212143
0.00212172
0.002122
0.00212227
0.00212253
0.00212278
0.00212303
0.00212327
0.00212351
0.00212374
0.00212396
0.00212417
0.00212438
0.00212458
0.00212478
0.00212497
0.00212516
0.00212534
0.00212552
0.00212569
0.00212585
0.00212601
0.00212617
0.00212632
0.00212647
0.00212661
0.00212675
0.00212688
0.00212701
0.00212714
0.00212726
0.00212738
0.0021275
0.00212761
0.00212772
0.00212783
0.00212793
0.00212803
0.00212812
0.00212822
0.00212831
0.0021284
0.00212848
0.00212856
0.00212864
0.00212872
0.0021288
0.00212887
0.00212894
0.00212901
0.00212908
0.00212914
0.0021292
0.00212926
0.00212932
0.00212938
0.00212943
0.00212949
0.00212954
0.00212959
0.00212964
0.00212968
0.00212973
0.00212977
0.00212982
0.00212986
0.0021299
0.00212993
0.00212997
0.00213001
0.00213004
0.00213008
0.00213011
0.00213014
0.00213017
0.0021302
0.00213023
0.00213026
0.00213029
0.00213031
0.00213034
0.00213036
0.00213038
0.00213041
0.00213043
0.00213045
0.00213047
0.00213049
0.00213051
0.00213053
0.00213055
0.00213056
0.00213058
0.0021306
0.00213061
0.00213063
0.00213064
0.00213066
0.00213067
0.00213068
0.0021307
0.00213071
0.00213072
0.00213073
0.00213074
0.00213075
0.00213076
0.00213077
0.00213078
0.00213079
0.0021308
0.00213081
0.00213082
0.00213083
0.00213084
0.00213084
0.00213085
0.00213086
0.00213086
0.00213087
0.00213088
0.00213088
0.00213089
0.0021309
0.0021309
0.00213091
0.00213091
0.00213092
0.00213092
0.00213093
0.00213093
0.00213093
0.00213094
0.00213094
0.00213095
0.00213095
0.00213095
0.00213096
0.00213096
0.00213096
0.00213097
0.00213097
0.00213097
0.00213098
0.00213098
0.00213098
0.00213098
0.00213099
0.00213099
0.00213099
0.00213099
0.002131
0.002131
0.002131
0.002131
0.002131
0.002131
0.00213101
0.00213101
0.00213101
0.00213101
0.00213101
0.00213101
0.00213101
0.00213102
0.00213102
0.00213102
0.00213102
0.00213102
0.00213102
0.00213102
0.00213102
0.00213102
0.00213103
0.00213103
0.00213103
0.00213103
0.00213103
0.00213103
0.00213103
0.00213103
0.00213103
0.00213103
0.00213103
0.00213103
0.00213103
0.00213103
0.00213104
0.00213104
0.00213104
0.00213104
0.00213104
0.00213104
0.00213104
0.00213104
0.00213104
0.00213104
0.00213104
0.00213104
0.00213104
0.00213104
0.00213104
0.00213104
0.00213104
0.00213104
0.00213104
0.00213104
0.00213104
0.00213104
0.00213104
0.00213104
0.00213104
0.00213104
0.00213104
0.00213104
0.00213104
0.00213104
0.00213104
0.00213105
0.00213105
0.00213105
0.00213105
0.00213105
0.00213105
0.00213105
0.00213105
0.00213105
0.00213105
0.00213105
0.00213105
0.00213105
0.00213105
0.00213105
0.00213105
0.00213105
0.00213105
0.00213105
0.00213105
0.00213105
0.00213105
0.00213105
0.00213105
0.00213105
0.00213105
0.00213105
0.00213105
0.00213105
0.00213105
0.00213105
0.00213105
0.00213105
0.00213105
0.00213105
0.00213105
0.00213105
0.00213105
0.00213105
0.00213105
0.00213105
0.00213105
0.00213105
0.00213105
0.00213105
0.00213105
0.00213105
0.00213105
0.00213105
0.00213105
0.00213105
0.00213105
0.00213105
0.00213105
0.00213105
0.00213105
0.00213105
0.00213105
0.00213105
0.00213105
0.00213105
0.00213105
0.00213105
0.00213105
0.00213105
0.00213105
0.00213105
0.00213105
0.00213105
0.00213105
0.00213105
0.00213105
0.00213105
0.00213105
0.00213105
0.00213105
0.00213105
0.00213105
0.00213105
0.00213105
0.00213105
0.00213105
0.00213105
0.00213105
0.00213105
0.00213105
0.00213105
0.00213105
0.00213105
0.00213105
0.00213105
0.00213105
0.00213105
0.00213105
0.00213105
0.00213105
0.00213105
0.00213105
0.00213105
0.00213105
0.00213105
0.00213105
0.00213105
0.00213105
0.00213105
0.00213105
0.00213105
0.00213105
0.00213105
0.00213105
0.00213105
0.00213105
0.00213105
0.00213105
0.00213105
0.00213105
0.00213105
0.00213105
0.00213105
0.00213105
0.00213105
0.00213105
0.00213105
0.00213105
0.00213105
0.00213105
0.00213105
0.00213105
0.00213105
0.00213105
0.00213105
0.00213105
0.00213105
0.00213105
0.00213105
0.00213105
0.00213105
0.00213105
0.00213105
0.00213105
0.00213105
0.00213105
0.00213105
0.00213105
0.00213105
0.00213105
0.00213105
0.00213105
0.00213105
0.00213105
0.00213105
0.00213105
0.00213105
0.00213105
0.00213105
0.00213105
0.00213105
0.00213105
0.00213105
0.00213105
0.00213105
0.00213105
0.00213105
0.00213105
0.00213105
0.00213105
0.00213105
0.00213105
0.00213105
0.00213105
0.00213105
0.00213105
0.00213105
0.00213105
0.00213105
0.00213105
0.00213105
0.00213105
0.00213105
0.00213105
0.00213105
0.00213105
0.00213105
0.00213105
0.00213105
0.00213105
0.00213105
0.00213105
0.00213105
0.00213105
0.00213105
0.00213105
0.00213105
0.00213105
0.00213105
0.00213105
0.00213105
0.00213105
0.00213105
0.00213105
0.00213105
0.00213105
0.00213105
0.00213105
0.00213105
0.00213105
0.00213105
0.00213105
0.00213105
0.00213105
0.00213105
0.00213105
0.00213105
0.00213105
0.00213105
0.00213105
0.00213105
0.00213105
0.00213105
0.00213105
0.00213105
0.00213105
0.00213105
0.00213105
0.00213105
0.00213105
0.00213105
0.00213105
0.00213105
0.00213105
0.00213105
0.00213105
0.00213105
0.00213105
0.00213105
0.00213105
0.00213105
0.00213105
0.00213105
0.00213105
0.00213105
0.00213105
0.00213105
0.00213105
0.00213105
0.00213105
0.00213105
0.00213105
0.00213105
0.00213105
0.00213105
0.00213105
0.00213105
0.00213105
0.00213105
0.00213105
0.00213105
0.00213105
0.00213105
0.00213105
0.00213105
0.00213105
0.00213105
0.00213105
0.00213105
0.00213105
0.00213105
0.00213105
0.00213105
0.00213105
0.00213105
0.00213105
0.00213105
0.00213105
0.00213105
0.00213105
0.00213105
0.00213105
0.00213105
0.00213105
0.00213105
0.00213105
0.00213105
0.00213105
0.00213105
0.00213105
0.00213105
0.00213105
0.00213105
0.00213105
0.00213105
0.00213105
0.00213105
0.00213105
0.00213105
0.00213105
0.00213105
0.00213105
0.00213105
0.00213105
0.00213105
0.00213105
0.00213105
0.00213105
0.00213105
0.00213105
0.00213105
0.00213105
0.00213105
0.00213105
0.00213105
0.00213105
0.00213105
0.00213105
0.00213105
0.00213105
0.00213105
0.00213105
0.00213105
0.00213105
0.00213105
0.00213105
0.00213105
0.00213105
0.00213105
0.00213105
0.00213105
0.00213105
0.00213105
0.00213105
0.00213105
0.00213105
0.00213105
0.00213105
0.00213105
0.00213105
0.00213105
0.00213105
0.00213105
0.00213105
0.00213105
0.00213105
0.00213105
0.00213105
0.00213105
0.00213105
0.00213105
0.00213105
0.00213105
0.00213105
0.00213105
0.00213105
0.00213105
0.00213105
0.00213105
0.00213105
0.00213105
0.00213105
0.00213105
0.00213105
0.00213105
0.00213105
0.00213105
0.00213105
0.00213105
0.00213105
0.00213105
0.00213105
0.00213105
0.00213105
0.00213105
0.00213105
0.00213105
0.00213105
0.00213105
0.00213105
0.00213105
0.00213105
0.00213105
0.00213105
0.00213105
0.00213105
0.00213105
0.00213105
0.00213105
0.00213105
0.00213105
0.00213105
0.00213105
0.00213105
0.00213105
0.00213105
0.00213105
0.00213105
0.00213105
0.00213105
0.00213105
0.00213105
0.00213105
0.00213105
0.00213105
0.00213105
0.00213105
0.00213105
0.00213105
0.00213105
0.00213105
0.00213105
0.00213105
0.00213105
0.00213105
0.00213105
0.00213105
0.00213105
0.00213105
0.00213105
0.00213105
0.00213105
0.00213105
0.00213105
0.00213105
0.00213105
0.00213105
0.00213105
0.00213105
0.00213105
0.00213105
0.00213105
0.00213105
0.00213105
0.00213105
0.00213105
0.00213105
0.00213105
0.00213105
0.00213105
0.00213105
0.00213105
0.00213105
0.00213105
0.00213105
0.00213105
0.00213105
0.00213105
0.00213105
0.00213105
0.00213105
0.00213105
0.00213105
0.00213105
0.00213105
0.00213105
0.00213105
0.00213105
0.00213105
0.00213105
0.00213105
0.00213105
0.00213105
0.00213105
0.00213105
0.00213105
0.00213105
0.00213105
0.00213105
0.00213105
0.00213105
0.00213105
0.00213105
0.00213105
0.00213105
0.00213105
0.00213105
0.00213105
0.00213105
0.00213105
0.00213105
0.00213105
0.00213105
0.00213105
0.00213105
0.00213105
0.00213105
0.00213105
0.00213105
0.00213105
0.00213105
0.00213105
0.00213105
0.00213105
0.00213105
0.00213105
0.00213105
0.00213105
0.00213105
0.00213105
0.00213105
0.00213105
0.00213105
0.00213105
0.00213105
0.00213105
0.00213105
0.00213105
0.00213105
0.00213105
0.00213105
0.00213105
0.00213105
0.00213105
0.00213105
0.00213105
0.00213105
0.00213105
0.00213105
0.00213105
0.00213105
0.00213105
0.00213105
0.00213105
0.00213105
0.00213105
0.00213105
0.00213105
0.00213105
0.00213105
0.00213105
0.00213105
0.00213105
0.00213105
0.00213105
0.00213105
0.00213105
0.00213105
0.00213105
0.00213105
0.00213105
0.00213105
0.00213105
0.00213105
0.00213105
0.00213105
0.00213105
0.00213105
0.00213105
0.00213105
0.00213105
0.00213105
0.00213105
0.00213105
0.00213105
0.00213105
0.00213105
0.00213105
0.00213105
0.00213105
0.00213105
0.00213105
0.00213105
0.00213105
0.00213105
0.00213105
0.00213105
0.00213105
0.00213105
0.00213105
0.00213105
0.00213105
0.00213105
0.00213105
0.00213105
0.00213105
0.00213105
0.00213105
0.00213105
0.00213105
0.00213105
0.00213105
0.00213105
0.00213105
0.00213105
0.00213105
0.00213105
0.00213105
0.00213105
0.00213105
0.00213105
0.00213105
0.00213105
0.00213105
0.00213105
0.00213105
0.00213105
0.00213105
0.00213105
0.00213105
0.00213105
0.00213105
0.00213105
0.00213105
0.00213105
0.00213105
0.00213105
0.00213105
0.00213105
0.00213105
0.00213105
0.00213105
0.00213105
0.00213105
0.00213105
0.00213105
0.00213105
0.00213105
0.00213105
0.00213105
0.00213105
0.00213105
0.00213105
0.00213105
0.00213105
0.00213105
0.00213105
0.00213105
0.00213105
0.00213105
0.00213105
0.00213105
0.00213105
0.00213105
0.00213105
0.00213105
0.00213105
0.00213105
0.00213105
0.00213105
0.00213105
0.00213105
0.00213105
0.00213105
0.00213105
0.00213105
0.00213105
0.00213105
0.00213105
0.00213105
0.00213105
0.00213105
0.00213105
0.00213105
0.00213105
0.00213105
0.00213105
0.00213105
0.00213105
0.00213105
0.00213105
0.00213105
0.00213105
0.00213105
0.00213105
0.00213105
0.00213105
0.00213105
0.00213105
0.00213105
0.00213105
0.00213105
0.00213105
0.00213105
0.00213105
0.00213105
0.00213105
0.00213105
0.00213105
0.00213105
0.00213105
0.00213105
0.00213105
0.00213105
0.00213105
0.00213105
0.00213105
0.00213105
0.00213105
0.00213105
0.00213105
0.00213105
0.00213105
0.00213105
0.00213105
0.00213105
0.00213105
0.00213105
0.00213105
0.00213105
0.00213105
0.00213105
0.00213105
0.00213105
0.00213105
0.00213105
0.00213105
0.00213105
0.00213105
0.00213105
0.00213105
0.00213105
0.00213105
0.00213105
0.00213105
0.00213105
0.00213105
0.00213105
0.00213105
0.00213105
0.00213105
0.00213105
0.00213105
0.00213105
0.00213105
0.00213105
0.00213105
0.00213105
0.00213105
0.00213105
0.00213105
0.00213105
0.00213105
0.00213105
0.00213105
0.00213105
0.00213105
0.00213105
0.00213105
0.00213105
0.00213105
0.00213105
0.00213105
0.00213105
0.00213105
0.00213105
0.00213105
0.00213105
0.00213105
0.00213105
0.00213105
0.00213105
0.00213105
0.00213105
0.00213105
0.00213105
0.00213105
0.00213105
0.00213105
0.00213105
0.00213105
0.00213105
0.00213105
0.00213105
0.00213105
0.00213105
0.00213105
0.00213105
0.00213105
0.00213105
0.00213105
0.00213105
0.00213105
0.00213105
0.00213105
0.00213105
0.00213105
0.00213105
0.00213105
0.00213105
0.00213105
0.00213105
0.00213105
0.00213105
0.00213105
0.00213105
0.00213105
0.00213105
0.00213105
0.00213105
0.00213105
0.00213105
0.00213105
0.00213105
0.00213105
0.00213105
0.00213105
0.00213105
0.00213105
0.00213105
0.00213105
0.00213105
0.00213105
0.00213105
0.00213105
0.00213105
0.00213105
0.00213105
0.00213105
0.00213105
0.00213105
0.00213105
0.00213105
0.00213105
0.00213105
0.00213105
0.00213105
0.00213105
0.00213105
0.00213105
0.00213105
0.00213105
0.00213105
0.00213105
0.00213105
0.00213105
0.00213105
0.00213105
0.00213105
0.00213105
0.00213105
0.00213105
0.00213105
0.00213105
0.00213105
0.00213105
0.00213105
0.00213105
0.00213105
0.00213105
0.00213105
0.00213105
0.00213105
0.00213105
0.00213105
0.00213105
0.00213105
0.00213105
0.00213105
0.00213105
0.00213105
0.00213105
0.00213105
0.00213105
0.00213105
0.00213105
0.00213105
0.00213105
0.00213105
0.00213105
0.00213105
0.00213105
0.00213105
0.00213105
0.00213105
0.00213105
0.00213105
0.00213105
0.00213105
0.00213105
0.00213105
0.00213105
0.00213105
0.00213105
0.00213105
0.00213105
0.00213105
0.00213105
0.00213105
0.00213105
0.00213105
0.00213105
0.00213105
0.00213105
0.00213105
0.00213105
0.00213105
0.00213105
0.00213105
0.00213105
0.00213105
0.00213105
0.00213105
0.00213105
0.00213105
0.00213105
0.00213105
0.00213105
0.00213105
0.00213105
0.00213105
0.00213105
0.00213105
0.00213105
0.00213105
0.00213105
0.00213105
0.00213105
0.00213105
0.00213105
0.00213105
0.00213105
0.00213105
0.00213105
0.00213105
0.00213105
0.00213105
0.00213105
0.00213105
0.00213105
0.00213105
0.00213105
0.00213105
0.00213105
0.00213105
0.00213105
0.00213105
0.00213105
0.00213105
0.00213105
0.00213105
0.00213105
0.00213105
0.00213105
0.00213105
0.00213105
0.00213105
0.00213105
0.00213105
0.00213105
0.00213105
0.00213105
0.00213105
0.00213105
0.00213105
0.00213105
0.00213105
0.00213105
0.00213105
0.00213105
0.00213105
0.00213105
0.00213105
0.00213105
0.00213105
0.00213105
0.00213105
0.00213105
0.00213105
0.00213105
0.00213105
0.00213105
0.00213105
0.00213105
0.00213105
0.00213105
0.00213105
0.00213105
0.00213105
0.00213105
0.00213105
0.00213105
0.00213105
0.00213105
0.00213105
0.00213105
0.00213105
0.00213105
0.00213105
0.00213105
0.00213105
0.00213105
0.00213105
0.00213105
0.00213105
0.00213105
0.00213105
0.00213105
0.00213105
0.00213105
0.00213105
0.00213105
0.00213105
0.00213105
0.00213105
0.00213105
0.00213105
0.00213105
0.00213105
0.00213105
0.00213105
0.00213105
0.00213105
0.00213105
0.00213105
0.00213105
0.00213105
0.00213105
0.00213105
0.00213105
0.00213105
0.00213105
0.00213105
0.00213105
0.00213105
0.00213105
0.00213105
0.00213105
0.00213105
0.00213105
0.00213105
0.00213105
0.00213105
0.00213105
0.00213105
0.00213105
0.00213105
0.00213105
0.00213105
0.00213105
0.00213105
0.00213105
0.00213105
0.00213105
0.00213105
0.00213105
0.00213105
0.00213105
0.00213105
0.00213105
0.00213105
0.00213105
0.00213105
0.00213105
0.00213105
0.00213105
0.00213105
0.00213105
0.00213105
0.00213105
0.00213105
0.00213105
0.00213105
0.00213105
0.00213105
0.00213105
0.00213105
0.00213105
0.00213105
0.00213105
0.00213105
0.00213105
0.00213105
0.00213105
0.00213105
0.00213105
0.00213105
0.00213105
0.00213105
0.00213105
0.00213105
0.00213105
0.00213105
0.00213105
0.00213105
0.00213105
0.00213105
0.00213105
0.00213105
0.00213105
0.00213105
0.00213105
0.00213105
0.00213105
0.00213105
0.00213105
0.00213105
0.00213105
0.00213105
0.00213105
0.00213105
0.00213105
0.00213105
0.00213105
0.00213105
0.00213105
0.00213105
0.00213105
0.00213105
0.00213105
0.00213105
0.00213105
0.00213105
0.00213105
0.00213105
0.00213105
0.00213105
0.00213105
0.00213105
0.00213105
0.00213105
0.00213105
0.00213105
0.00213105
0.00213105
0.00213105
0.00213105
0.00213105
0.00213105
0.00213105
0.00213105
0.00213105
0.00213105
0.00213105
0.00213105
0.00213105
0.00213105
0.00213105
0.00213105
0.00213105
0.00213105
0.00213105
0.00213105
0.00213105
0.00213105
0.00213105
0.00213105
0.00213105
0.00213105
0.00213105
0.00213105
0.00213105
0.00213105
0.00213105
0.00213105
0.00213105
0.00213105
0.00213105
0.00213105
0.00213105
0.00213105
0.00213105
0.00213105
0.00213105
0.00213105
0.00213105
0.00213105
0.00213105
0.00213105
0.00213105
0.00213105
0.00213105
0.00213105
0.00213105
0.00213105
0.00213105
