0.215
0.0349e-12
11.4e-4
3.0e-5
0.11
0.1
2
1
0.3 0.3 0.3 0.3 0.3 0.3 0.3 0.3 0.3 0.3 0.3
1000 1000 1000 1000 1000 1000 1000 1000 1000 1000 1000
1 1 1 1 1 1 1 1 1 1 1
0.005 0.005 0.005 0.005 0.005 0.005 0.005 0.005 0.005 0.005 0.005
1
1
1 1 1 1 1 1 1 1 1 1 1
8 8 8 8 8 8 8 8 8 8 8
2
0.7 0.7 0.7 0.7 0.7 0.7 0.7 0.7 0.7 0.7 0.7
873 873 873 873 873 873 873 873 873 873 873
1 1 1 1 1 1 1 1 1 1 1
0.005 0.005 0.005 0.005 0.005 0.005 0.005 0.005 0.005 0.005 0.005
1
1
1 1 1 1 1 1 1 1 1 1 1
8 8 8 8 8 8 8 8 8 8 8



