2.62255e-07
8.36488e-07
1.41072e-06
1.98495e-06
2.55919e-06
3.13342e-06
3.70765e-06
4.28188e-06
4.85612e-06
5.43035e-06
6.00458e-06
6.57882e-06
7.15305e-06
7.72728e-06
8.30151e-06
8.87575e-06
9.44998e-06
1.00242e-05
1.05984e-05
1.11727e-05
1.17469e-05
1.23211e-05
1.28954e-05
1.34696e-05
1.40438e-05
1.46181e-05
1.51923e-05
1.57665e-05
1.63408e-05
1.6915e-05
1.74892e-05
1.80635e-05
1.86377e-05
1.92119e-05
1.97862e-05
2.03604e-05
2.09346e-05
2.15089e-05
2.20831e-05
2.26573e-05
2.32316e-05
2.38058e-05
2.438e-05
2.49543e-05
2.55285e-05
2.61027e-05
2.6677e-05
2.72512e-05
2.78254e-05
2.83997e-05
2.89739e-05
2.95481e-05
3.01224e-05
3.06966e-05
3.12708e-05
3.18451e-05
3.24193e-05
3.29935e-05
3.35678e-05
3.4142e-05
3.47162e-05
3.52905e-05
3.58647e-05
3.64389e-05
3.70132e-05
3.75874e-05
3.81616e-05
3.87359e-05
3.93101e-05
3.98843e-05
4.04586e-05
4.10328e-05
4.1607e-05
4.21813e-05
4.27555e-05
4.33297e-05
4.39039e-05
4.44782e-05
4.50524e-05
4.56266e-05
4.62009e-05
4.67751e-05
4.73493e-05
4.79236e-05
4.84978e-05
4.9072e-05
4.96463e-05
5.02205e-05
5.07947e-05
5.1369e-05
5.19432e-05
5.25174e-05
5.30917e-05
5.36659e-05
5.42401e-05
5.48144e-05
5.53886e-05
5.59628e-05
5.65371e-05
5.71113e-05
5.76855e-05
5.82597e-05
5.8834e-05
5.94082e-05
5.99824e-05
6.05567e-05
6.11309e-05
6.17051e-05
6.22793e-05
6.28535e-05
6.34278e-05
6.4002e-05
6.45762e-05
6.51504e-05
6.57246e-05
6.62988e-05
6.6873e-05
6.74471e-05
6.80213e-05
6.85955e-05
6.91696e-05
6.97437e-05
7.03179e-05
7.0892e-05
7.1466e-05
7.20401e-05
7.26141e-05
7.31881e-05
7.37621e-05
7.4336e-05
7.49099e-05
7.54837e-05
7.60575e-05
7.66312e-05
7.72048e-05
7.77783e-05
7.83518e-05
7.89251e-05
7.94983e-05
8.00714e-05
8.06443e-05
8.12171e-05
8.17896e-05
8.2362e-05
8.29341e-05
8.35059e-05
8.40774e-05
8.46485e-05
8.52193e-05
8.57897e-05
8.63595e-05
8.69288e-05
8.74976e-05
8.80656e-05
8.86329e-05
8.91994e-05
8.9765e-05
9.03296e-05
9.0893e-05
9.14552e-05
9.2016e-05
9.25754e-05
9.3133e-05
9.36889e-05
9.42427e-05
9.47944e-05
9.53436e-05
9.58902e-05
9.6434e-05
9.69747e-05
9.75121e-05
9.80458e-05
9.85756e-05
9.91012e-05
9.96223e-05
0.000100139
0.00010065
0.000101156
0.000101656
0.00010215
0.000102637
0.000103119
0.000103593
0.00010406
0.00010452
0.000104972
0.000105417
0.000105853
0.000106282
0.000106703
0.000107115
0.00010752
0.000107916
0.000108305
0.000108685
0.000109057
0.000109421
0.000109778
0.000110127
0.000110469
0.000110803
0.000111131
0.000111451
0.000111765
0.000112072
0.000112372
0.000112667
0.000112955
0.000113238
0.000113515
0.000113787
0.000114054
0.000114315
0.000114571
0.000114823
0.00011507
0.000115313
0.000115551
0.000115785
0.000116015
0.000116241
0.000116464
0.000116682
0.000116898
0.000117109
0.000117318
0.000117523
0.000117725
0.000117924
0.00011812
0.000118313
0.000118503
0.00011869
0.000118875
0.000119057
0.000119237
0.000119414
0.000119589
0.000119762
0.000119932
0.0001201
0.000120266
0.00012043
0.000120591
0.000120751
0.000120909
0.000121064
0.000121218
0.00012137
0.00012152
0.000121669
0.000121815
0.00012196
0.000122104
0.000122245
0.000122385
0.000122524
0.000122661
0.000122796
0.00012293
0.000123062
0.000123193
0.000123323
0.000123451
0.000123578
0.000123704
0.000123828
0.000123951
0.000124073
0.000124193
0.000124312
0.00012443
0.000124547
0.000124662
0.000124777
0.00012489
0.000125002
0.000125112
0.000125222
0.00012533
0.000125438
0.000125544
0.000125649
0.000125753
0.000125856
0.000125958
0.000126059
0.000126159
0.000126257
0.000126355
0.000126452
0.000126548
0.000126642
0.000126736
0.000126829
0.000126921
0.000127012
0.000127102
0.000127191
0.000127279
0.000127367
0.000127453
0.000127539
0.000127624
0.000127707
0.000127791
0.000127873
0.000127954
0.000128035
0.000128115
0.000128194
0.000128272
0.00012835
0.000128427
0.000128503
0.000128578
0.000128653
0.000128727
0.0001288
0.000128872
0.000128944
0.000129015
0.000129086
0.000129156
0.000129225
0.000129293
0.000129361
0.000129429
0.000129495
0.000129561
0.000129627
0.000129692
0.000129756
0.00012982
0.000129883
0.000129946
0.000130008
0.000130069
0.00013013
0.00013019
0.00013025
0.00013031
0.000130369
0.000130427
0.000130485
0.000130542
0.000130599
0.000130656
0.000130711
0.000130767
0.000130822
0.000130876
0.000130931
0.000130984
0.000131037
0.00013109
0.000131143
0.000131194
0.000131246
0.000131297
0.000131348
0.000131398
0.000131448
0.000131497
0.000131547
0.000131595
0.000131644
0.000131692
0.000131739
0.000131786
0.000131833
0.00013188
0.000131926
0.000131972
0.000132017
0.000132063
0.000132107
0.000132152
0.000132196
0.00013224
0.000132283
0.000132327
0.000132369
0.000132412
0.000132454
0.000132496
0.000132538
0.000132579
0.000132621
0.000132661
0.000132702
0.000132742
0.000132782
0.000132822
0.000132861
0.0001329
0.000132939
0.000132978
0.000133016
0.000133054
0.000133092
0.00013313
0.000133167
0.000133204
0.000133241
0.000133278
0.000133314
0.00013335
0.000133386
0.000133422
0.000133458
0.000133493
0.000133528
0.000133563
0.000133597
0.000133632
0.000133666
0.0001337
0.000133734
0.000133767
0.0001338
0.000133834
0.000133867
0.000133899
0.000133932
0.000133964
0.000133996
0.000134028
0.00013406
0.000134092
0.000134123
0.000134154
0.000134185
0.000134216
0.000134247
0.000134277
0.000134308
0.000134338
0.000134368
0.000134398
0.000134427
0.000134457
0.000134486
0.000134516
0.000134545
0.000134573
0.000134602
0.000134631
0.000134659
0.000134687
0.000134715
0.000134743
0.000134771
0.000134799
0.000134826
0.000134854
0.000134881
0.000134908
0.000134935
0.000134961
0.000134988
0.000135015
0.000135041
0.000135067
0.000135093
0.000135119
0.000135145
0.000135171
0.000135196
0.000135222
0.000135247
0.000135272
0.000135297
0.000135322
0.000135347
0.000135372
0.000135396
0.000135421
0.000135445
0.00013547
0.000135494
0.000135518
0.000135541
0.000135565
0.000135589
0.000135612
0.000135636
0.000135659
0.000135682
0.000135706
0.000135729
0.000135751
0.000135774
0.000135797
0.000135819
0.000135842
0.000135864
0.000135887
0.000135909
0.000135931
0.000135953
0.000135975
0.000135996
0.000136018
0.00013604
0.000136061
0.000136083
0.000136104
0.000136125
0.000136146
0.000136167
0.000136188
0.000136209
0.00013623
0.00013625
0.000136271
0.000136291
0.000136312
0.000136332
0.000136352
0.000136373
0.000136393
0.000136413
0.000136432
0.000136452
0.000136472
0.000136492
0.000136511
0.000136531
0.00013655
0.000136569
0.000136589
0.000136608
0.000136627
0.000136646
0.000136665
0.000136684
0.000136702
0.000136721
0.00013674
0.000136758
0.000136777
0.000136795
0.000136814
0.000136832
0.00013685
0.000136868
0.000136886
0.000136904
0.000136922
0.00013694
0.000136958
0.000136975
0.000136993
0.000137011
0.000137028
0.000137046
0.000137063
0.00013708
0.000137097
0.000137115
0.000137132
0.000137149
0.000137166
0.000137183
0.0001372
0.000137216
0.000137233
0.00013725
0.000137266
0.000137283
0.000137299
0.000137316
0.000137332
0.000137348
0.000137365
0.000137381
0.000137397
0.000137413
0.000137429
0.000137445
0.000137461
0.000137477
0.000137493
0.000137508
0.000137524
0.00013754
0.000137555
0.000137571
0.000137586
0.000137601
0.000137617
0.000137632
0.000137647
0.000137662
0.000137678
0.000137693
0.000137708
0.000137723
0.000137738
0.000137752
0.000137767
0.000137782
0.000137797
0.000137811
0.000137826
0.000137841
0.000137855
0.00013787
0.000137884
0.000137898
0.000137913
0.000137927
0.000137941
0.000137955
0.00013797
0.000137984
0.000137998
0.000138012
0.000138026
0.00013804
0.000138053
0.000138067
0.000138081
0.000138095
0.000138108
0.000138122
0.000138136
0.000138149
0.000138163
0.000138176
0.00013819
0.000138203
0.000138216
0.00013823
0.000138243
0.000138256
0.000138269
0.000138282
0.000138295
0.000138308
0.000138321
0.000138334
0.000138347
0.00013836
0.000138373
0.000138386
0.000138399
0.000138411
0.000138424
0.000138437
0.000138449
0.000138462
0.000138474
0.000138487
0.000138499
0.000138512
0.000138524
0.000138536
0.000138549
0.000138561
0.000138573
0.000138585
0.000138597
0.000138609
0.000138621
0.000138633
0.000138645
0.000138657
0.000138669
0.000138681
0.000138693
0.000138705
0.000138717
0.000138728
0.00013874
0.000138752
0.000138764
0.000138775
0.000138787
0.000138798
0.00013881
0.000138821
0.000138833
0.000138844
0.000138855
0.000138867
0.000138878
0.000138889
0.000138901
0.000138912
0.000138923
0.000138934
0.000138945
0.000138956
0.000138967
0.000138978
0.000138989
0.000139
0.000139011
0.000139022
0.000139033
0.000139044
0.000139055
0.000139065
0.000139076
0.000139087
0.000139098
0.000139108
0.000139119
0.000139129
0.00013914
0.000139151
0.000139161
0.000139172
0.000139182
0.000139192
0.000139203
0.000139213
0.000139223
0.000139234
0.000139244
0.000139254
0.000139265
0.000139275
0.000139285
0.000139295
0.000139305
0.000139315
0.000139325
0.000139335
0.000139345
0.000139355
0.000139365
0.000139375
0.000139385
0.000139395
0.000139405
0.000139415
0.000139424
0.000139434
0.000139444
0.000139454
0.000139463
0.000139473
0.000139483
0.000139492
0.000139502
0.000139511
0.000139521
0.00013953
0.00013954
0.000139549
0.000139559
0.000139568
0.000139577
0.000139587
0.000139596
0.000139605
0.000139615
0.000139624
0.000139633
0.000139642
0.000139652
0.000139661
0.00013967
0.000139679
0.000139688
0.000139697
0.000139706
0.000139715
0.000139724
0.000139733
0.000139742
0.000139751
0.00013976
0.000139769
0.000139778
0.000139787
0.000139796
0.000139804
0.000139813
0.000139822
0.000139831
0.000139839
0.000139848
0.000139857
0.000139865
0.000139874
0.000139883
0.000139891
0.0001399
0.000139908
0.000139917
0.000139925
0.000139934
0.000139942
0.000139951
0.000139959
0.000139968
0.000139976
0.000139984
0.000139993
0.000140001
0.000140009
0.000140018
0.000140026
0.000140034
0.000140042
0.00014005
0.000140059
0.000140067
0.000140075
0.000140083
0.000140091
0.000140099
0.000140107
0.000140115
0.000140123
0.000140131
0.000140139
0.000140147
0.000140155
0.000140163
0.000140171
0.000140179
0.000140187
0.000140195
0.000140202
0.00014021
0.000140218
0.000140226
0.000140234
0.000140241
0.000140249
0.000140257
0.000140265
0.000140272
0.00014028
0.000140287
0.000140295
0.000140303
0.00014031
0.000140318
0.000140325
0.000140333
0.00014034
0.000140348
0.000140355
0.000140363
0.00014037
0.000140378
0.000140385
0.000140393
0.0001404
0.000140407
0.000140415
0.000140422
0.000140429
0.000140437
0.000140444
0.000140451
0.000140458
0.000140466
0.000140473
0.00014048
0.000140487
0.000140494
0.000140501
0.000140509
0.000140516
0.000140523
0.00014053
0.000140537
0.000140544
0.000140551
0.000140558
0.000140565
0.000140572
0.000140579
0.000140586
0.000140593
0.0001406
0.000140607
0.000140614
0.000140621
0.000140627
0.000140634
0.000140641
0.000140648
0.000140655
0.000140662
0.000140668
0.000140675
0.000140682
0.000140689
0.000140695
0.000140702
0.000140709
0.000140715
0.000140722
0.000140729
0.000140735
0.000140742
0.000140749
0.000140755
0.000140762
0.000140768
0.000140775
0.000140781
0.000140788
0.000140794
0.000140801
0.000140807
0.000140814
0.00014082
0.000140827
0.000140833
0.00014084
0.000140846
0.000140852
0.000140859
0.000140865
0.000140871
0.000140878
0.000140884
0.00014089
0.000140897
0.000140903
0.000140909
0.000140915
0.000140922
0.000140928
0.000140934
0.00014094
0.000140946
0.000140953
0.000140959
0.000140965
0.000140971
0.000140977
0.000140983
0.000140989
0.000140996
0.000141002
0.000141008
0.000141014
0.00014102
0.000141026
0.000141032
0.000141038
0.000141044
0.00014105
0.000141056
0.000141062
0.000141068
0.000141074
0.000141079
0.000141085
0.000141091
0.000141097
0.000141103
0.000141109
0.000141115
0.000141121
0.000141126
0.000141132
0.000141138
0.000141144
0.00014115
0.000141155
0.000141161
0.000141167
0.000141173
0.000141178
0.000141184
0.00014119
0.000141195
0.000141201
0.000141207
0.000141212
0.000141218
0.000141224
0.000141229
0.000141235
0.00014124
0.000141246
0.000141252
0.000141257
0.000141263
0.000141268
0.000141274
0.000141279
0.000141285
0.00014129
0.000141296
0.000141301
0.000141307
0.000141312
0.000141318
0.000141323
0.000141328
0.000141334
0.000141339
0.000141345
0.00014135
0.000141355
0.000141361
0.000141366
0.000141371
0.000141377
0.000141382
0.000141387
0.000141393
0.000141398
0.000141403
0.000141409
0.000141414
0.000141419
0.000141424
0.00014143
0.000141435
0.00014144
0.000141445
0.00014145
0.000141456
0.000141461
0.000141466
0.000141471
0.000141476
0.000141481
0.000141486
0.000141492
0.000141497
0.000141502
0.000141507
0.000141512
0.000141517
0.000141522
0.000141527
0.000141532
0.000141537
0.000141542
0.000141547
0.000141552
0.000141557
0.000141562
0.000141567
0.000141572
0.000141577
0.000141582
0.000141587
0.000141592
0.000141597
0.000141602
0.000141607
0.000141611
0.000141616
0.000141621
0.000141626
0.000141631
0.000141636
0.000141641
0.000141645
0.00014165
0.000141655
0.00014166
0.000141665
0.000141669
0.000141674
0.000141679
0.000141684
0.000141689
0.000141693
0.000141698
0.000141703
0.000141707
0.000141712
0.000141717
0.000141722
0.000141726
0.000141731
0.000141736
0.00014174
0.000141745
0.00014175
0.000141754
0.000141759
0.000141763
0.000141768
0.000141773
0.000141777
0.000141782
0.000141786
0.000141791
0.000141796
0.0001418
0.000141805
0.000141809
0.000141814
0.000141818
0.000141823
0.000141827
0.000141832
0.000141836
0.000141841
0.000141845
0.00014185
0.000141854
0.000141859
0.000141863
0.000141867
0.000141872
0.000141876
0.000141881
0.000141885
0.000141889
0.000141894
0.000141898
0.000141903
0.000141907
0.000141911
0.000141916
0.00014192
0.000141924
0.000141929
0.000141933
0.000141937
0.000141942
0.000141946
0.00014195
0.000141955
0.000141959
0.000141963
0.000141967
0.000141972
0.000141976
0.00014198
0.000141984
0.000141989
0.000141993
0.000141997
0.000142001
0.000142005
0.00014201
0.000142014
0.000142018
0.000142022
0.000142026
0.00014203
0.000142035
0.000142039
0.000142043
0.000142047
0.000142051
0.000142055
0.000142059
0.000142063
0.000142068
0.000142072
0.000142076
0.00014208
0.000142084
0.000142088
0.000142092
0.000142096
0.0001421
0.000142104
0.000142108
0.000142112
0.000142116
0.00014212
0.000142124
0.000142128
0.000142132
0.000142136
0.00014214
0.000142144
0.000142148
0.000142152
0.000142156
0.00014216
0.000142164
0.000142168
0.000142172
0.000142176
0.000142179
0.000142183
0.000142187
0.000142191
0.000142195
0.000142199
0.000142203
0.000142207
0.000142211
0.000142214
0.000142218
0.000142222
0.000142226
0.00014223
0.000142234
0.000142237
0.000142241
0.000142245
0.000142249
0.000142253
0.000142256
0.00014226
0.000142264
0.000142268
0.000142271
0.000142275
0.000142279
0.000142283
0.000142286
0.00014229
0.000142294
0.000142298
0.000142301
0.000142305
0.000142309
0.000142312
0.000142316
0.00014232
0.000142324
0.000142327
0.000142331
0.000142335
0.000142338
0.000142342
0.000142345
0.000142349
0.000142353
0.000142356
0.00014236
0.000142364
0.000142367
0.000142371
0.000142374
0.000142378
0.000142382
0.000142385
0.000142389
0.000142392
0.000142396
0.000142399
0.000142403
0.000142407
0.00014241
0.000142414
0.000142417
0.000142421
0.000142424
0.000142428
0.000142431
0.000142435
0.000142438
0.000142442
0.000142445
0.000142449
0.000142452
0.000142456
0.000142459
0.000142463
0.000142466
0.00014247
0.000142473
0.000142476
0.00014248
0.000142483
0.000142487
0.00014249
0.000142494
0.000142497
0.0001425
0.000142504
0.000142507
0.000142511
0.000142514
0.000142517
0.000142521
0.000142524
0.000142528
0.000142531
0.000142534
0.000142538
0.000142541
0.000142544
0.000142548
0.000142551
0.000142554
0.000142558
0.000142561
0.000142564
0.000142568
0.000142571
0.000142574
0.000142577
0.000142581
0.000142584
0.000142587
0.000142591
0.000142594
0.000142597
0.0001426
0.000142604
0.000142607
0.00014261
0.000142613
0.000142617
0.00014262
0.000142623
0.000142626
0.000142629
0.000142633
0.000142636
0.000142639
0.000142642
0.000142645
0.000142649
0.000142652
0.000142655
0.000142658
0.000142661
0.000142664
0.000142668
0.000142671
0.000142674
0.000142677
0.00014268
0.000142683
0.000142686
0.00014269
0.000142693
0.000142696
0.000142699
0.000142702
0.000142705
0.000142708
0.000142711
0.000142714
0.000142718
0.000142721
0.000142724
0.000142727
0.00014273
0.000142733
0.000142736
0.000142739
0.000142742
0.000142745
0.000142748
0.000142751
0.000142754
0.000142757
0.00014276
0.000142763
0.000142766
0.000142769
0.000142772
0.000142775
0.000142778
0.000142781
0.000142784
0.000142787
0.00014279
0.000142793
0.000142796
0.000142799
0.000142802
0.000142805
0.000142808
0.000142811
0.000142814
0.000142817
0.00014282
0.000142823
0.000142826
0.000142829
0.000142832
0.000142835
0.000142837
0.00014284
0.000142843
0.000142846
0.000142849
0.000142852
0.000142855
0.000142858
0.000142861
0.000142864
0.000142866
0.000142869
0.000142872
0.000142875
0.000142878
0.000142881
0.000142884
0.000142886
0.000142889
0.000142892
0.000142895
0.000142898
0.000142901
0.000142903
0.000142906
0.000142909
0.000142912
0.000142915
0.000142918
0.00014292
0.000142923
0.000142926
0.000142929
0.000142931
0.000142934
0.000142937
0.00014294
0.000142943
0.000142945
0.000142948
0.000142951
0.000142954
0.000142956
0.000142959
0.000142962
0.000142965
0.000142967
0.00014297
0.000142973
0.000142976
0.000142978
0.000142981
0.000142984
0.000142986
0.000142989
0.000142992
0.000142995
0.000142997
0.000143
0.000143003
0.000143005
0.000143008
0.000143011
0.000143013
0.000143016
0.000143019
0.000143021
0.000143024
0.000143027
0.000143029
0.000143032
0.000143035
0.000143037
0.00014304
0.000143043
0.000143045
0.000143048
0.00014305
0.000143053
0.000143056
0.000143058
0.000143061
0.000143064
0.000143066
0.000143069
0.000143071
0.000143074
0.000143077
0.000143079
0.000143082
0.000143084
0.000143087
0.000143089
0.000143092
0.000143095
0.000143097
0.0001431
0.000143102
0.000143105
0.000143107
0.00014311
0.000143112
0.000143115
0.000143118
0.00014312
0.000143123
0.000143125
0.000143128
0.00014313
0.000143133
0.000143135
0.000143138
0.00014314
0.000143143
0.000143145
0.000143148
0.00014315
0.000143153
0.000143155
0.000143158
0.00014316
0.000143163
0.000143165
0.000143168
0.00014317
0.000143173
0.000143175
0.000143177
0.00014318
0.000143182
0.000143185
0.000143187
0.00014319
0.000143192
0.000143195
0.000143197
0.0001432
0.000143202
0.000143204
0.000143207
0.000143209
0.000143212
0.000143214
0.000143216
0.000143219
0.000143221
0.000143224
0.000143226
0.000143228
0.000143231
0.000143233
0.000143236
0.000143238
0.00014324
0.000143243
0.000143245
0.000143248
0.00014325
0.000143252
0.000143255
0.000143257
0.000143259
0.000143262
0.000143264
0.000143266
0.000143269
0.000143271
0.000143273
0.000143276
0.000143278
0.00014328
0.000143283
0.000143285
0.000143287
0.00014329
0.000143292
0.000143294
0.000143297
0.000143299
0.000143301
0.000143304
0.000143306
0.000143308
0.00014331
0.000143313
0.000143315
0.000143317
0.00014332
0.000143322
0.000143324
0.000143326
0.000143329
0.000143331
0.000143333
0.000143336
0.000143338
0.00014334
0.000143342
0.000143345
0.000143347
0.000143349
0.000143351
0.000143354
0.000143356
0.000143358
0.00014336
0.000143362
0.000143365
0.000143367
0.000143369
0.000143371
0.000143374
0.000143376
0.000143378
0.00014338
0.000143382
0.000143385
0.000143387
0.000143389
0.000143391
0.000143393
0.000143396
0.000143398
0.0001434
0.000143402
0.000143404
0.000143407
0.000143409
0.000143411
0.000143413
0.000143415
0.000143417
0.00014342
0.000143422
0.000143424
0.000143426
0.000143428
0.00014343
0.000143432
0.000143435
0.000143437
0.000143439
0.000143441
0.000143443
0.000143445
0.000143447
0.00014345
0.000143452
0.000143454
0.000143456
0.000143458
0.00014346
0.000143462
0.000143464
0.000143466
0.000143469
0.000143471
0.000143473
0.000143475
0.000143477
0.000143479
0.000143481
0.000143483
0.000143485
0.000143487
0.000143489
0.000143492
0.000143494
0.000143496
0.000143498
0.0001435
0.000143502
0.000143504
0.000143506
0.000143508
0.00014351
0.000143512
0.000143514
0.000143516
0.000143518
0.00014352
0.000143522
0.000143524
0.000143526
0.000143528
0.000143531
0.000143533
0.000143535
0.000143537
0.000143539
0.000143541
0.000143543
0.000143545
0.000143547
0.000143549
0.000143551
0.000143553
0.000143555
0.000143557
0.000143559
0.000143561
0.000143563
0.000143565
0.000143567
0.000143569
0.000143571
0.000143573
0.000143575
0.000143577
0.000143579
0.000143581
0.000143583
0.000143584
0.000143586
0.000143588
0.00014359
0.000143592
0.000143594
0.000143596
0.000143598
0.0001436
0.000143602
0.000143604
0.000143606
0.000143608
0.00014361
0.000143612
0.000143614
0.000143616
0.000143618
0.00014362
0.000143621
0.000143623
0.000143625
0.000143627
0.000143629
0.000143631
0.000143633
0.000143635
0.000143637
0.000143639
0.000143641
0.000143643
0.000143644
0.000143646
0.000143648
0.00014365
0.000143652
0.000143654
0.000143656
0.000143658
0.00014366
0.000143661
0.000143663
0.000143665
0.000143667
0.000143669
0.000143671
0.000143673
0.000143675
0.000143676
0.000143678
0.00014368
0.000143682
0.000143684
0.000143686
0.000143688
0.000143689
0.000143691
0.000143693
0.000143695
0.000143697
0.000143699
0.0001437
0.000143702
0.000143704
0.000143706
0.000143708
0.00014371
0.000143711
0.000143713
0.000143715
0.000143717
0.000143719
0.000143721
0.000143722
0.000143724
0.000143726
0.000143728
0.00014373
0.000143731
0.000143733
0.000143735
0.000143737
0.000143739
0.00014374
0.000143742
0.000143744
0.000143746
0.000143748
0.000143749
0.000143751
0.000143753
0.000143755
0.000143756
0.000143758
0.00014376
0.000143762
0.000143764
0.000143765
0.000143767
0.000143769
0.000143771
0.000143772
0.000143774
0.000143776
0.000143778
0.000143779
0.000143781
0.000143783
