0.000146798
0.000146224
0.000145649
0.000145075
0.000144501
0.000143927
0.000143352
0.000142778
0.000142204
0.00014163
0.000141055
0.000140481
0.000139907
0.000139333
0.000138758
0.000138184
0.00013761
0.000137036
0.000136462
0.000135887
0.000135313
0.000134739
0.000134165
0.00013359
0.000133016
0.000132442
0.000131868
0.000131293
0.000130719
0.000130145
0.000129571
0.000128997
0.000128422
0.000127848
0.000127274
0.0001267
0.000126125
0.000125551
0.000124977
0.000124403
0.000123828
0.000123254
0.00012268
0.000122106
0.000121532
0.000120957
0.000120383
0.000119809
0.000119235
0.00011866
0.000118086
0.000117512
0.000116938
0.000116363
0.000115789
0.000115215
0.000114641
0.000114066
0.000113492
0.000112918
0.000112344
0.00011177
0.000111195
0.000110621
0.000110047
0.000109473
0.000108898
0.000108324
0.00010775
0.000107176
0.000106601
0.000106027
0.000105453
0.000104879
0.000104305
0.00010373
0.000103156
0.000102582
0.000102008
0.000101433
0.000100859
0.000100285
9.97107e-05
9.91364e-05
9.85622e-05
9.7988e-05
9.74137e-05
9.68395e-05
9.62653e-05
9.5691e-05
9.51168e-05
9.45426e-05
9.39683e-05
9.33941e-05
9.28199e-05
9.22456e-05
9.16714e-05
9.10972e-05
9.05229e-05
8.99487e-05
8.93745e-05
8.88003e-05
8.8226e-05
8.76518e-05
8.70776e-05
8.65033e-05
8.59291e-05
8.53549e-05
8.47807e-05
8.42065e-05
8.36322e-05
8.3058e-05
8.24838e-05
8.19096e-05
8.13354e-05
8.07612e-05
8.0187e-05
7.96129e-05
7.90387e-05
7.84645e-05
7.78904e-05
7.73163e-05
7.67421e-05
7.6168e-05
7.5594e-05
7.50199e-05
7.44459e-05
7.38719e-05
7.32979e-05
7.2724e-05
7.21501e-05
7.15763e-05
7.10025e-05
7.04288e-05
6.98552e-05
6.92817e-05
6.87082e-05
6.81349e-05
6.75617e-05
6.69886e-05
6.64157e-05
6.58429e-05
6.52704e-05
6.4698e-05
6.41259e-05
6.35541e-05
6.29826e-05
6.24115e-05
6.18407e-05
6.12703e-05
6.07005e-05
6.01312e-05
5.95624e-05
5.89944e-05
5.84271e-05
5.78606e-05
5.7295e-05
5.67304e-05
5.6167e-05
5.56048e-05
5.5044e-05
5.44846e-05
5.3927e-05
5.33711e-05
5.28173e-05
5.22656e-05
5.17164e-05
5.11698e-05
5.0626e-05
5.00853e-05
4.95479e-05
4.90142e-05
4.84844e-05
4.79588e-05
4.74377e-05
4.69214e-05
4.64102e-05
4.59044e-05
4.54043e-05
4.49103e-05
4.44226e-05
4.39414e-05
4.34672e-05
4.3e-05
4.25402e-05
4.20879e-05
4.16434e-05
4.12067e-05
4.07779e-05
4.03572e-05
3.99446e-05
3.95401e-05
3.91438e-05
3.87555e-05
3.83753e-05
3.8003e-05
3.76386e-05
3.72819e-05
3.69328e-05
3.65911e-05
3.62567e-05
3.59294e-05
3.5609e-05
3.52954e-05
3.49883e-05
3.46876e-05
3.43931e-05
3.41045e-05
3.38217e-05
3.35446e-05
3.32729e-05
3.30065e-05
3.27451e-05
3.24887e-05
3.2237e-05
3.19899e-05
3.17473e-05
3.1509e-05
3.12749e-05
3.10448e-05
3.08186e-05
3.05962e-05
3.03775e-05
3.01624e-05
2.99507e-05
2.97423e-05
2.95372e-05
2.93352e-05
2.91363e-05
2.89404e-05
2.87474e-05
2.85571e-05
2.83696e-05
2.81848e-05
2.80026e-05
2.78228e-05
2.76456e-05
2.74707e-05
2.72982e-05
2.71279e-05
2.69599e-05
2.67941e-05
2.66303e-05
2.64687e-05
2.63091e-05
2.61514e-05
2.59957e-05
2.58419e-05
2.56899e-05
2.55397e-05
2.53914e-05
2.52447e-05
2.50998e-05
2.49565e-05
2.48149e-05
2.46748e-05
2.45364e-05
2.43995e-05
2.42641e-05
2.41301e-05
2.39976e-05
2.38666e-05
2.37369e-05
2.36086e-05
2.34817e-05
2.33561e-05
2.32318e-05
2.31088e-05
2.29871e-05
2.28667e-05
2.27476e-05
2.26297e-05
2.2513e-05
2.23975e-05
2.22833e-05
2.21702e-05
2.20583e-05
2.19476e-05
2.1838e-05
2.17295e-05
2.16222e-05
2.1516e-05
2.14109e-05
2.13069e-05
2.1204e-05
2.11021e-05
2.10013e-05
2.09015e-05
2.08027e-05
2.0705e-05
2.06082e-05
2.05125e-05
2.04177e-05
2.03239e-05
2.0231e-05
2.01391e-05
2.00481e-05
1.99581e-05
1.98689e-05
1.97807e-05
1.96933e-05
1.96068e-05
1.95212e-05
1.94364e-05
1.93525e-05
1.92694e-05
1.91871e-05
1.91057e-05
1.9025e-05
1.89451e-05
1.8866e-05
1.87877e-05
1.87101e-05
1.86333e-05
1.85572e-05
1.84819e-05
1.84073e-05
1.83333e-05
1.82601e-05
1.81876e-05
1.81158e-05
1.80446e-05
1.79741e-05
1.79043e-05
1.78351e-05
1.77665e-05
1.76986e-05
1.76313e-05
1.75646e-05
1.74986e-05
1.74331e-05
1.73682e-05
1.73039e-05
1.72402e-05
1.7177e-05
1.71144e-05
1.70524e-05
1.69909e-05
1.69299e-05
1.68695e-05
1.68096e-05
1.67502e-05
1.66914e-05
1.6633e-05
1.65752e-05
1.65178e-05
1.64609e-05
1.64045e-05
1.63486e-05
1.62931e-05
1.62381e-05
1.61836e-05
1.61295e-05
1.60758e-05
1.60226e-05
1.59698e-05
1.59175e-05
1.58656e-05
1.5814e-05
1.57629e-05
1.57123e-05
1.5662e-05
1.56121e-05
1.55626e-05
1.55135e-05
1.54647e-05
1.54164e-05
1.53684e-05
1.53208e-05
1.52735e-05
1.52267e-05
1.51801e-05
1.51339e-05
1.50881e-05
1.50426e-05
1.49975e-05
1.49526e-05
1.49081e-05
1.4864e-05
1.48201e-05
1.47766e-05
1.47334e-05
1.46905e-05
1.46479e-05
1.46056e-05
1.45637e-05
1.4522e-05
1.44806e-05
1.44395e-05
1.43987e-05
1.43581e-05
1.43179e-05
1.42779e-05
1.42382e-05
1.41988e-05
1.41596e-05
1.41207e-05
1.40821e-05
1.40437e-05
1.40056e-05
1.39677e-05
1.39301e-05
1.38927e-05
1.38556e-05
1.38187e-05
1.37821e-05
1.37457e-05
1.37095e-05
1.36736e-05
1.36379e-05
1.36024e-05
1.35671e-05
1.35321e-05
1.34973e-05
1.34627e-05
1.34283e-05
1.33941e-05
1.33602e-05
1.33264e-05
1.32929e-05
1.32595e-05
1.32264e-05
1.31934e-05
1.31607e-05
1.31282e-05
1.30958e-05
1.30636e-05
1.30317e-05
1.29999e-05
1.29683e-05
1.29369e-05
1.29057e-05
1.28746e-05
1.28437e-05
1.2813e-05
1.27825e-05
1.27522e-05
1.2722e-05
1.2692e-05
1.26622e-05
1.26325e-05
1.2603e-05
1.25737e-05
1.25445e-05
1.25155e-05
1.24866e-05
1.24579e-05
1.24294e-05
1.2401e-05
1.23728e-05
1.23447e-05
1.23167e-05
1.2289e-05
1.22613e-05
1.22338e-05
1.22065e-05
1.21793e-05
1.21522e-05
1.21253e-05
1.20985e-05
1.20719e-05
1.20454e-05
1.2019e-05
1.19928e-05
1.19667e-05
1.19407e-05
1.19149e-05
1.18892e-05
1.18636e-05
1.18382e-05
1.18128e-05
1.17876e-05
1.17626e-05
1.17376e-05
1.17128e-05
1.16881e-05
1.16635e-05
1.16391e-05
1.16147e-05
1.15905e-05
1.15664e-05
1.15424e-05
1.15185e-05
1.14947e-05
1.14711e-05
1.14475e-05
1.14241e-05
1.14008e-05
1.13776e-05
1.13545e-05
1.13315e-05
1.13086e-05
1.12858e-05
1.12631e-05
1.12405e-05
1.1218e-05
1.11957e-05
1.11734e-05
1.11512e-05
1.11292e-05
1.11072e-05
1.10853e-05
1.10635e-05
1.10419e-05
1.10203e-05
1.09988e-05
1.09774e-05
1.09561e-05
1.09349e-05
1.09138e-05
1.08928e-05
1.08718e-05
1.0851e-05
1.08302e-05
1.08096e-05
1.0789e-05
1.07685e-05
1.07481e-05
1.07278e-05
1.07076e-05
1.06874e-05
1.06674e-05
1.06474e-05
1.06275e-05
1.06077e-05
1.0588e-05
1.05684e-05
1.05488e-05
1.05293e-05
1.05099e-05
1.04906e-05
1.04714e-05
1.04522e-05
1.04331e-05
1.04141e-05
1.03952e-05
1.03763e-05
1.03575e-05
1.03388e-05
1.03202e-05
1.03016e-05
1.02832e-05
1.02648e-05
1.02464e-05
1.02282e-05
1.021e-05
1.01918e-05
1.01738e-05
1.01558e-05
1.01379e-05
1.01201e-05
1.01023e-05
1.00846e-05
1.0067e-05
1.00494e-05
1.00319e-05
1.00144e-05
9.99708e-06
9.97978e-06
9.96254e-06
9.94537e-06
9.92826e-06
9.91122e-06
9.89424e-06
9.87733e-06
9.86048e-06
9.84369e-06
9.82696e-06
9.81029e-06
9.79369e-06
9.77715e-06
9.76066e-06
9.74424e-06
9.72788e-06
9.71158e-06
9.69533e-06
9.67915e-06
9.66302e-06
9.64696e-06
9.63095e-06
9.61499e-06
9.5991e-06
9.58326e-06
9.56748e-06
9.55175e-06
9.53608e-06
9.52047e-06
9.50491e-06
9.48941e-06
9.47396e-06
9.45856e-06
9.44322e-06
9.42793e-06
9.4127e-06
9.39751e-06
9.38239e-06
9.36731e-06
9.35228e-06
9.33731e-06
9.32239e-06
9.30752e-06
9.2927e-06
9.27793e-06
9.26321e-06
9.24854e-06
9.23392e-06
9.21936e-06
9.20484e-06
9.19036e-06
9.17594e-06
9.16157e-06
9.14724e-06
9.13296e-06
9.11873e-06
9.10455e-06
9.09042e-06
9.07633e-06
9.06228e-06
9.04829e-06
9.03434e-06
9.02043e-06
9.00658e-06
8.99276e-06
8.97899e-06
8.96527e-06
8.95159e-06
8.93796e-06
8.92437e-06
8.91082e-06
8.89732e-06
8.88386e-06
8.87045e-06
8.85707e-06
8.84374e-06
8.83046e-06
8.81721e-06
8.80401e-06
8.79085e-06
8.77773e-06
8.76465e-06
8.75161e-06
8.73862e-06
8.72566e-06
8.71275e-06
8.69988e-06
8.68704e-06
8.67425e-06
8.6615e-06
8.64879e-06
8.63611e-06
8.62348e-06
8.61088e-06
8.59832e-06
8.58581e-06
8.57333e-06
8.56089e-06
8.54848e-06
8.53612e-06
8.52379e-06
8.5115e-06
8.49925e-06
8.48703e-06
8.47485e-06
8.46271e-06
8.45061e-06
8.43854e-06
8.4265e-06
8.41451e-06
8.40255e-06
8.39062e-06
8.37873e-06
8.36688e-06
8.35506e-06
8.34328e-06
8.33153e-06
8.31982e-06
8.30814e-06
8.29649e-06
8.28488e-06
8.27331e-06
8.26177e-06
8.25026e-06
8.23878e-06
8.22734e-06
8.21593e-06
8.20456e-06
8.19322e-06
8.18191e-06
8.17063e-06
8.15939e-06
8.14818e-06
8.137e-06
8.12585e-06
8.11474e-06
8.10365e-06
8.0926e-06
8.08158e-06
8.07059e-06
8.05964e-06
8.04871e-06
8.03782e-06
8.02695e-06
8.01612e-06
8.00531e-06
7.99454e-06
7.9838e-06
7.97309e-06
7.96241e-06
7.95175e-06
7.94113e-06
7.93054e-06
7.91997e-06
7.90944e-06
7.89894e-06
7.88846e-06
7.87801e-06
7.8676e-06
7.85721e-06
7.84685e-06
7.83651e-06
7.82621e-06
7.81593e-06
7.80569e-06
7.79547e-06
7.78528e-06
7.77511e-06
7.76498e-06
7.75487e-06
7.74479e-06
7.73473e-06
7.7247e-06
7.7147e-06
7.70473e-06
7.69479e-06
7.68487e-06
7.67497e-06
7.66511e-06
7.65527e-06
7.64545e-06
7.63567e-06
7.6259e-06
7.61617e-06
7.60646e-06
7.59678e-06
7.58712e-06
7.57748e-06
7.56788e-06
7.55829e-06
7.54874e-06
7.5392e-06
7.5297e-06
7.52022e-06
7.51076e-06
7.50133e-06
7.49192e-06
7.48253e-06
7.47317e-06
7.46384e-06
7.45453e-06
7.44524e-06
7.43598e-06
7.42674e-06
7.41752e-06
7.40833e-06
7.39916e-06
7.39002e-06
7.3809e-06
7.3718e-06
7.36273e-06
7.35368e-06
7.34465e-06
7.33564e-06
7.32666e-06
7.3177e-06
7.30876e-06
7.29985e-06
7.29096e-06
7.28209e-06
7.27324e-06
7.26441e-06
7.25561e-06
7.24683e-06
7.23807e-06
7.22933e-06
7.22062e-06
7.21193e-06
7.20325e-06
7.1946e-06
7.18597e-06
7.17737e-06
7.16878e-06
7.16022e-06
7.15167e-06
7.14315e-06
7.13465e-06
7.12617e-06
7.11771e-06
7.10927e-06
7.10085e-06
7.09245e-06
7.08407e-06
7.07571e-06
7.06738e-06
7.05906e-06
7.05076e-06
7.04249e-06
7.03423e-06
7.02599e-06
7.01778e-06
7.00958e-06
7.0014e-06
6.99325e-06
6.98511e-06
6.97699e-06
6.96889e-06
6.96081e-06
6.95275e-06
6.94471e-06
6.93669e-06
6.92869e-06
6.9207e-06
6.91274e-06
6.90479e-06
6.89687e-06
6.88896e-06
6.88107e-06
6.8732e-06
6.86535e-06
6.85751e-06
6.8497e-06
6.8419e-06
6.83412e-06
6.82636e-06
6.81862e-06
6.81089e-06
6.80318e-06
6.7955e-06
6.78783e-06
6.78017e-06
6.77254e-06
6.76492e-06
6.75732e-06
6.74974e-06
6.74217e-06
6.73462e-06
6.72709e-06
6.71958e-06
6.71209e-06
6.70461e-06
6.69715e-06
6.6897e-06
6.68227e-06
6.67486e-06
6.66747e-06
6.66009e-06
6.65273e-06
6.64539e-06
6.63807e-06
6.63076e-06
6.62346e-06
6.61619e-06
6.60892e-06
6.60168e-06
6.59445e-06
6.58724e-06
6.58005e-06
6.57287e-06
6.5657e-06
6.55856e-06
6.55142e-06
6.54431e-06
6.53721e-06
6.53013e-06
6.52306e-06
6.51601e-06
6.50897e-06
6.50195e-06
6.49494e-06
6.48795e-06
6.48098e-06
6.47402e-06
6.46708e-06
6.46015e-06
6.45323e-06
6.44634e-06
6.43945e-06
6.43258e-06
6.42573e-06
6.41889e-06
6.41207e-06
6.40526e-06
6.39847e-06
6.39169e-06
6.38493e-06
6.37818e-06
6.37144e-06
6.36472e-06
6.35802e-06
6.35132e-06
6.34465e-06
6.33799e-06
6.33134e-06
6.3247e-06
6.31808e-06
6.31148e-06
6.30489e-06
6.29831e-06
6.29175e-06
6.2852e-06
6.27866e-06
6.27214e-06
6.26563e-06
6.25914e-06
6.25266e-06
6.2462e-06
6.23974e-06
6.2333e-06
6.22688e-06
6.22047e-06
6.21407e-06
6.20768e-06
6.20131e-06
6.19496e-06
6.18861e-06
6.18228e-06
6.17596e-06
6.16966e-06
6.16337e-06
6.15709e-06
6.15082e-06
6.14457e-06
6.13833e-06
6.1321e-06
6.12589e-06
6.11969e-06
6.1135e-06
6.10733e-06
6.10116e-06
6.09501e-06
6.08888e-06
6.08275e-06
6.07664e-06
6.07054e-06
6.06446e-06
6.05838e-06
6.05232e-06
6.04627e-06
6.04023e-06
6.03421e-06
6.0282e-06
6.0222e-06
6.01621e-06
6.01023e-06
6.00427e-06
5.99832e-06
5.99238e-06
5.98645e-06
5.98053e-06
5.97463e-06
5.96874e-06
5.96286e-06
5.95699e-06
5.95113e-06
5.94529e-06
5.93946e-06
5.93363e-06
5.92782e-06
5.92203e-06
5.91624e-06
5.91047e-06
5.9047e-06
5.89895e-06
5.89321e-06
5.88748e-06
5.88176e-06
5.87606e-06
5.87036e-06
5.86468e-06
5.85901e-06
5.85334e-06
5.84769e-06
5.84205e-06
5.83643e-06
5.83081e-06
5.8252e-06
5.81961e-06
5.81403e-06
5.80845e-06
5.80289e-06
5.79734e-06
5.7918e-06
5.78627e-06
5.78075e-06
5.77524e-06
5.76974e-06
5.76426e-06
5.75878e-06
5.75332e-06
5.74786e-06
5.74242e-06
5.73698e-06
5.73156e-06
5.72615e-06
5.72074e-06
5.71535e-06
5.70997e-06
5.7046e-06
5.69924e-06
5.69388e-06
5.68854e-06
5.68321e-06
5.67789e-06
5.67258e-06
5.66728e-06
5.66199e-06
5.65671e-06
5.65144e-06
5.64618e-06
5.64093e-06
5.63569e-06
5.63046e-06
5.62524e-06
5.62003e-06
5.61483e-06
5.60964e-06
5.60446e-06
5.59929e-06
5.59413e-06
5.58897e-06
5.58383e-06
5.5787e-06
5.57358e-06
5.56846e-06
5.56336e-06
5.55827e-06
5.55318e-06
5.54811e-06
5.54304e-06
5.53798e-06
5.53294e-06
5.5279e-06
5.52287e-06
5.51785e-06
5.51284e-06
5.50784e-06
5.50285e-06
5.49787e-06
5.49289e-06
5.48793e-06
5.48297e-06
5.47803e-06
5.47309e-06
5.46817e-06
5.46325e-06
5.45834e-06
5.45344e-06
5.44855e-06
5.44366e-06
5.43879e-06
5.43392e-06
5.42907e-06
5.42422e-06
5.41938e-06
5.41455e-06
5.40973e-06
5.40492e-06
5.40012e-06
5.39532e-06
5.39054e-06
5.38576e-06
5.38099e-06
5.37623e-06
5.37148e-06
5.36673e-06
5.362e-06
5.35727e-06
5.35256e-06
5.34785e-06
5.34315e-06
5.33845e-06
5.33377e-06
5.32909e-06
5.32443e-06
5.31977e-06
5.31512e-06
5.31047e-06
5.30584e-06
5.30121e-06
5.2966e-06
5.29199e-06
5.28738e-06
5.28279e-06
5.27821e-06
5.27363e-06
5.26906e-06
5.2645e-06
5.25994e-06
5.2554e-06
5.25086e-06
5.24633e-06
5.24181e-06
5.2373e-06
5.23279e-06
5.2283e-06
5.22381e-06
5.21932e-06
5.21485e-06
5.21038e-06
5.20593e-06
5.20147e-06
5.19703e-06
5.1926e-06
5.18817e-06
5.18375e-06
5.17934e-06
5.17493e-06
5.17053e-06
5.16614e-06
5.16176e-06
5.15739e-06
5.15302e-06
5.14866e-06
5.14431e-06
5.13997e-06
5.13563e-06
5.1313e-06
5.12698e-06
5.12266e-06
5.11836e-06
5.11406e-06
5.10976e-06
5.10548e-06
5.1012e-06
5.09693e-06
5.09266e-06
5.08841e-06
5.08416e-06
5.07992e-06
5.07568e-06
5.07145e-06
5.06723e-06
5.06302e-06
5.05881e-06
5.05462e-06
5.05042e-06
5.04624e-06
5.04206e-06
5.03789e-06
5.03373e-06
5.02957e-06
5.02542e-06
5.02128e-06
5.01714e-06
5.01301e-06
5.00889e-06
5.00477e-06
5.00066e-06
4.99656e-06
4.99247e-06
4.98838e-06
4.9843e-06
4.98022e-06
4.97616e-06
4.97209e-06
4.96804e-06
4.96399e-06
4.95995e-06
4.95592e-06
4.95189e-06
4.94787e-06
4.94385e-06
4.93985e-06
4.93585e-06
4.93185e-06
4.92786e-06
4.92388e-06
4.91991e-06
4.91594e-06
4.91198e-06
4.90802e-06
4.90407e-06
4.90013e-06
4.89619e-06
4.89226e-06
4.88834e-06
4.88442e-06
4.88051e-06
4.87661e-06
4.87271e-06
4.86882e-06
4.86493e-06
4.86105e-06
4.85718e-06
4.85331e-06
4.84945e-06
4.8456e-06
4.84175e-06
4.83791e-06
4.83407e-06
4.83024e-06
4.82642e-06
4.8226e-06
4.81879e-06
4.81499e-06
4.81119e-06
4.8074e-06
4.80361e-06
4.79983e-06
4.79606e-06
4.79229e-06
4.78852e-06
4.78477e-06
4.78102e-06
4.77727e-06
4.77353e-06
4.7698e-06
4.76607e-06
4.76235e-06
4.75864e-06
4.75493e-06
4.75123e-06
4.74753e-06
4.74384e-06
4.74015e-06
4.73647e-06
4.7328e-06
4.72913e-06
4.72546e-06
4.72181e-06
4.71816e-06
4.71451e-06
4.71087e-06
4.70724e-06
4.70361e-06
4.69998e-06
4.69637e-06
4.69276e-06
4.68915e-06
4.68555e-06
4.68195e-06
4.67837e-06
4.67478e-06
4.6712e-06
4.66763e-06
4.66406e-06
4.6605e-06
4.65695e-06
4.6534e-06
4.64985e-06
4.64631e-06
4.64278e-06
4.63925e-06
4.63573e-06
4.63221e-06
4.6287e-06
4.62519e-06
4.62169e-06
4.61819e-06
4.6147e-06
4.61122e-06
4.60774e-06
4.60426e-06
4.60079e-06
4.59733e-06
4.59387e-06
4.59041e-06
4.58697e-06
4.58352e-06
4.58008e-06
4.57665e-06
4.57322e-06
4.5698e-06
4.56638e-06
4.56297e-06
4.55956e-06
4.55616e-06
4.55277e-06
4.54938e-06
4.54599e-06
4.54261e-06
4.53923e-06
4.53586e-06
4.53249e-06
4.52913e-06
4.52578e-06
4.52243e-06
4.51908e-06
4.51574e-06
4.5124e-06
4.50907e-06
4.50575e-06
4.50243e-06
4.49911e-06
4.4958e-06
4.49249e-06
4.48919e-06
4.4859e-06
4.4826e-06
4.47932e-06
4.47604e-06
4.47276e-06
4.46949e-06
4.46622e-06
4.46296e-06
4.4597e-06
4.45645e-06
4.4532e-06
4.44996e-06
4.44672e-06
4.44348e-06
4.44026e-06
4.43703e-06
4.43381e-06
4.4306e-06
4.42739e-06
4.42418e-06
4.42098e-06
4.41779e-06
4.4146e-06
4.41141e-06
4.40823e-06
4.40505e-06
4.40188e-06
4.39871e-06
4.39555e-06
4.39239e-06
4.38923e-06
4.38608e-06
4.38294e-06
4.3798e-06
4.37666e-06
4.37353e-06
4.3704e-06
4.36728e-06
4.36416e-06
4.36105e-06
4.35794e-06
4.35484e-06
4.35174e-06
4.34864e-06
4.34555e-06
4.34247e-06
4.33938e-06
4.33631e-06
4.33323e-06
4.33016e-06
4.3271e-06
4.32404e-06
4.32098e-06
4.31793e-06
4.31488e-06
4.31184e-06
4.3088e-06
4.30577e-06
4.30274e-06
4.29972e-06
4.29669e-06
4.29368e-06
4.29066e-06
4.28766e-06
4.28465e-06
4.28165e-06
4.27866e-06
4.27567e-06
4.27268e-06
4.2697e-06
4.26672e-06
4.26374e-06
4.26077e-06
4.25781e-06
4.25485e-06
4.25189e-06
4.24893e-06
4.24599e-06
4.24304e-06
4.2401e-06
4.23716e-06
4.23423e-06
4.2313e-06
4.22838e-06
4.22546e-06
4.22254e-06
4.21963e-06
4.21672e-06
4.21381e-06
4.21091e-06
4.20802e-06
4.20513e-06
4.20224e-06
4.19935e-06
4.19647e-06
4.1936e-06
4.19072e-06
4.18786e-06
4.18499e-06
4.18213e-06
4.17927e-06
4.17642e-06
4.17357e-06
4.17073e-06
4.16789e-06
4.16505e-06
4.16222e-06
4.15939e-06
4.15656e-06
4.15374e-06
4.15093e-06
4.14811e-06
4.1453e-06
4.1425e-06
4.1397e-06
4.1369e-06
4.1341e-06
4.13131e-06
4.12853e-06
4.12574e-06
4.12296e-06
4.12019e-06
4.11742e-06
4.11465e-06
4.11188e-06
4.10912e-06
4.10637e-06
4.10361e-06
4.10087e-06
4.09812e-06
4.09538e-06
4.09264e-06
4.08991e-06
4.08718e-06
4.08445e-06
4.08173e-06
4.07901e-06
4.07629e-06
4.07358e-06
4.07087e-06
4.06816e-06
4.06546e-06
4.06277e-06
4.06007e-06
4.05738e-06
4.05469e-06
4.05201e-06
4.04933e-06
4.04665e-06
4.04398e-06
4.04131e-06
4.03865e-06
4.03599e-06
4.03333e-06
4.03067e-06
4.02802e-06
4.02537e-06
4.02273e-06
4.02009e-06
4.01745e-06
4.01482e-06
4.01219e-06
4.00956e-06
4.00694e-06
4.00432e-06
4.0017e-06
3.99909e-06
3.99648e-06
3.99387e-06
3.99127e-06
3.98867e-06
3.98607e-06
3.98348e-06
3.98089e-06
3.97831e-06
3.97572e-06
3.97315e-06
3.97057e-06
3.968e-06
3.96543e-06
3.96286e-06
3.9603e-06
3.95774e-06
3.95519e-06
3.95264e-06
3.95009e-06
3.94754e-06
3.945e-06
3.94246e-06
3.93993e-06
3.93739e-06
3.93486e-06
3.93234e-06
3.92982e-06
3.9273e-06
3.92478e-06
3.92227e-06
3.91976e-06
3.91725e-06
3.91475e-06
3.91225e-06
3.90975e-06
3.90726e-06
3.90477e-06
3.90228e-06
3.8998e-06
3.89732e-06
3.89484e-06
3.89237e-06
3.8899e-06
3.88743e-06
3.88497e-06
3.8825e-06
3.88005e-06
3.87759e-06
3.87514e-06
3.87269e-06
3.87024e-06
3.8678e-06
3.86536e-06
3.86293e-06
3.86049e-06
3.85806e-06
3.85563e-06
3.85321e-06
3.85079e-06
3.84837e-06
3.84596e-06
3.84354e-06
3.84114e-06
3.83873e-06
3.83633e-06
3.83393e-06
3.83153e-06
3.82914e-06
3.82675e-06
3.82436e-06
3.82197e-06
3.81959e-06
3.81721e-06
3.81484e-06
3.81247e-06
3.8101e-06
3.80773e-06
3.80537e-06
3.80301e-06
3.80065e-06
3.79829e-06
3.79594e-06
3.79359e-06
3.79125e-06
3.7889e-06
3.78656e-06
3.78423e-06
3.78189e-06
3.77956e-06
3.77723e-06
3.77491e-06
3.77258e-06
3.77026e-06
3.76795e-06
3.76563e-06
3.76332e-06
3.76101e-06
3.75871e-06
3.7564e-06
3.7541e-06
3.75181e-06
3.74951e-06
3.74722e-06
3.74493e-06
3.74265e-06
3.74036e-06
3.73808e-06
3.73581e-06
3.73353e-06
3.73126e-06
3.72899e-06
3.72672e-06
3.72446e-06
3.7222e-06
3.71994e-06
3.71769e-06
3.71544e-06
3.71319e-06
3.71094e-06
3.7087e-06
3.70645e-06
3.70422e-06
3.70198e-06
3.69975e-06
3.69752e-06
3.69529e-06
3.69306e-06
3.69084e-06
3.68862e-06
3.6864e-06
3.68419e-06
3.68198e-06
3.67977e-06
3.67756e-06
3.67536e-06
3.67316e-06
3.67096e-06
3.66876e-06
3.66657e-06
3.66438e-06
3.66219e-06
3.66001e-06
3.65783e-06
3.65565e-06
3.65347e-06
3.65129e-06
3.64912e-06
3.64695e-06
3.64479e-06
3.64262e-06
3.64046e-06
3.6383e-06
3.63614e-06
3.63399e-06
3.63184e-06
3.62969e-06
3.62754e-06
3.6254e-06
3.62326e-06
3.62112e-06
3.61899e-06
3.61685e-06
3.61472e-06
3.61259e-06
3.61047e-06
3.60834e-06
3.60622e-06
3.6041e-06
3.60199e-06
3.59988e-06
3.59777e-06
3.59566e-06
3.59355e-06
3.59145e-06
3.58935e-06
3.58725e-06
3.58515e-06
3.58306e-06
3.58097e-06
3.57888e-06
3.57679e-06
3.57471e-06
3.57263e-06
3.57055e-06
3.56847e-06
3.5664e-06
3.56433e-06
3.56226e-06
3.56019e-06
3.55813e-06
3.55607e-06
3.55401e-06
3.55195e-06
3.5499e-06
3.54784e-06
3.54579e-06
3.54375e-06
3.5417e-06
3.53966e-06
3.53762e-06
3.53558e-06
3.53355e-06
3.53151e-06
3.52948e-06
3.52745e-06
3.52543e-06
3.5234e-06
3.52138e-06
3.51936e-06
3.51735e-06
3.51533e-06
3.51332e-06
3.51131e-06
3.5093e-06
3.5073e-06
3.5053e-06
3.5033e-06
3.5013e-06
3.4993e-06
3.49731e-06
3.49532e-06
3.49333e-06
3.49134e-06
3.48936e-06
3.48737e-06
3.48539e-06
3.48342e-06
3.48144e-06
3.47947e-06
3.4775e-06
3.47553e-06
3.47356e-06
3.4716e-06
3.46964e-06
3.46768e-06
3.46572e-06
3.46376e-06
3.46181e-06
3.45986e-06
3.45791e-06
3.45596e-06
3.45402e-06
3.45208e-06
3.45014e-06
3.4482e-06
3.44626e-06
3.44433e-06
3.4424e-06
3.44047e-06
3.43855e-06
3.43662e-06
3.4347e-06
3.43278e-06
3.43086e-06
3.42894e-06
3.42703e-06
3.42512e-06
3.42321e-06
3.4213e-06
3.4194e-06
3.41749e-06
3.41559e-06
3.41369e-06
3.4118e-06
3.4099e-06
3.40801e-06
3.40612e-06
3.40423e-06
3.40235e-06
3.40046e-06
3.39858e-06
3.3967e-06
3.39482e-06
3.39295e-06
3.39107e-06
3.3892e-06
3.38733e-06
3.38547e-06
3.3836e-06
3.38174e-06
3.37988e-06
3.37802e-06
3.37616e-06
3.37431e-06
3.37245e-06
3.3706e-06
3.36875e-06
3.36691e-06
3.36506e-06
3.36322e-06
3.36138e-06
3.35954e-06
3.35771e-06
3.35587e-06
3.35404e-06
3.35221e-06
3.35038e-06
3.34855e-06
3.34673e-06
3.34491e-06
3.34309e-06
3.34127e-06
3.33945e-06
3.33764e-06
3.33582e-06
3.33401e-06
3.33221e-06
3.3304e-06
3.32859e-06
3.32679e-06
3.32499e-06
3.32319e-06
3.3214e-06
3.3196e-06
3.31781e-06
3.31602e-06
3.31423e-06
3.31244e-06
3.31066e-06
3.30887e-06
3.30709e-06
3.30531e-06
3.30354e-06
3.30176e-06
3.29999e-06
3.29822e-06
3.29645e-06
3.29468e-06
3.29291e-06
3.29115e-06
3.28939e-06
3.28763e-06
3.28587e-06
3.28411e-06
3.28236e-06
3.2806e-06
3.27885e-06
3.27711e-06
