0.6786 0.7 0.7 0.7 0.7 0.7 0.7 0.7 0.7 0.7 0.7 0.7 0.7 0.7 0.7 0.7 0.7 0.7 0.7 0.7 
0.357844 0.57384 0.679995 0.698385 0.699956 0.700009 0.700002 0.7 0.7 0.7 0.7 0.7 0.7 0.7 0.7 0.7 0.7 0.7 0.7 0.7 
0.249345 0.386727 0.551533 0.661088 0.693611 0.699225 0.699933 0.699998 0.7 0.7 0.7 0.7 0.7 0.7 0.7 0.7 0.7 0.7 0.7 0.7 
0.204597 0.288923 0.403427 0.542238 0.647767 0.688346 0.697939 0.699694 0.699962 0.699996 0.7 0.7 0.7 0.7 0.7 0.7 0.7 0.7 0.7 0.7 
0.180707 0.239523 0.314212 0.415148 0.537714 0.63806 0.683388 0.696387 0.699315 0.699885 0.699983 0.699998 0.7 0.7 0.7 0.7 0.7 0.7 0.7 0.7 
0.165871 0.210823 0.263604 0.332997 0.424229 0.535272 0.630725 0.678925 0.694745 0.698839 0.699768 0.699958 0.699993 0.699999 0.7 0.7 0.7 0.7 0.7 0.7 
0.155752 0.192196 0.232425 0.282483 0.347803 0.431626 0.533977 0.625015 0.674965 0.693108 0.698307 0.699618 0.699921 0.699985 0.699997 0.7 0.7 0.7 0.7 0.7 
0.148395 0.179138 0.211531 0.249831 0.298173 0.359725 0.437996 0.533341 0.620454 0.671465 0.691528 0.697746 0.699445 0.699873 0.699973 0.699995 0.699999 0.7 0.7 0.7 
0.142799 0.169464 0.196598 0.227338 0.264676 0.311589 0.369663 0.443505 0.53307 0.616741 0.668371 0.69003 0.697177 0.699257 0.699816 0.699957 0.699991 0.699998 0.7 0.7 
0.138392 0.161996 0.185395 0.210995 0.240996 0.277739 0.323188 0.378162 0.4483 0.533034 0.61367 0.665632 0.688624 0.696614 0.699059 0.699753 0.699939 0.699986 0.699997 0.699999 
0.134828 0.156045 0.17667 0.198606 0.223514 0.253187 0.28943 0.333204 0.385611 0.452546 0.533142 0.611099 0.663201 0.687314 0.696066 0.698858 0.699685 0.699917 0.699979 0.699995 
0.131884 0.151185 0.169672 0.188893 0.210129 0.234764 0.264285 0.299972 0.341866 0.392297 0.456312 0.533337 0.608924 0.66104 0.686101 0.695538 0.698656 0.699615 0.699894 0.699972 
0.129409 0.147134 0.163923 0.181066 0.19957 0.220513 0.245092 0.274505 0.30948 0.349548 0.398236 0.45967 0.533588 0.607072 0.659115 0.684981 0.695034 0.698457 0.699542 0.69987 
0.127298 0.143702 0.159109 0.174616 0.19103 0.209198 0.230081 0.254706 0.283969 0.318003 0.356441 0.403573 0.462683 0.533873 0.605484 0.657398 0.683949 0.694558 0.698264 0.69947 
0.125476 0.140754 0.155011 0.1692 0.183974 0.200011 0.218078 0.239033 0.263731 0.292742 0.325559 0.362771 0.408395 0.465394 0.53418 0.604117 0.655864 0.683 0.694108 0.698078 
0.123887 0.138191 0.151476 0.164579 0.178041 0.192405 0.208289 0.226401 0.247496 0.272243 0.300849 0.332364 0.368557 0.412749 0.467843 0.5345 0.602939 0.654493 0.68213 0.693689 
0.122487 0.135943 0.148392 0.160584 0.172974 0.186001 0.200165 0.216047 0.234293 0.25555 0.28028 0.308287 0.33857 0.373844 0.416702 0.470065 0.534828 0.60192 0.653267 0.68135 
0.121245 0.133952 0.145674 0.157091 0.168589 0.180529 0.193317 0.207429 0.223409 0.24184 0.263246 0.287859 0.315029 0.344314 0.378709 0.420298 0.472088 0.535161 0.601042 0.652257 
0.120136 0.132176 0.143259 0.154006 0.164751 0.175794 0.187464 0.200153 0.214317 0.230462 0.249096 0.27061 0.294976 0.321121 0.349701 0.383176 0.423575 0.473936 0.535498 0.600644 
0.119138 0.130582 0.141098 0.151259 0.161359 0.171649 0.182399 0.193932 0.206625 0.220914 0.237262 0.256097 0.277653 0.30161 0.326739 0.354684 0.387286 0.42657 0.47563 0.536967 
0.118236 0.129142 0.139151 0.148794 0.158335 0.167984 0.177968 0.188548 0.200042 0.212817 0.227282 0.243852 0.262861 0.284373 0.307726 0.331965 0.359323 0.391073 0.429313 0.479736 
0.117416 0.127835 0.137386 0.146569 0.155618 0.164717 0.174052 0.183841 0.194346 0.205877 0.21879 0.233464 0.250257 0.269398 0.290754 0.31329 0.33692 0.363647 0.394565 0.436306 
0.116668 0.126642 0.13578 0.144548 0.153162 0.161781 0.170561 0.179684 0.189366 0.199869 0.211498 0.22459 0.23949 0.256492 0.275706 0.296772 0.318434 0.341575 0.367667 0.404494 
0.115983 0.12555 0.13431 0.142704 0.150929 0.159125 0.167426 0.175982 0.184973 0.19462 0.20518 0.216951 0.230249 0.24538 0.262564 0.281776 0.302394 0.32324 0.345943 0.380487 
0.115352 0.124546 0.13296 0.141014 0.148888 0.156708 0.16459 0.172658 0.181064 0.189991 0.199659 0.210324 0.222271 0.235792 0.251148 0.268474 0.28759 0.307572 0.327795 0.361515 
0.11477 0.123619 0.131715 0.139457 0.147014 0.154498 0.162009 0.169654 0.177559 0.185877 0.194794 0.20453 0.215337 0.227484 0.241236 0.256799 0.274215 0.293123 0.312335 0.345893 
0.114231 0.12276 0.130563 0.138019 0.145286 0.152467 0.159648 0.166922 0.174394 0.182191 0.190473 0.199425 0.209269 0.220246 0.232609 0.24659 0.262335 0.279776 0.298344 0.332642 
0.11373 0.121964 0.129495 0.136686 0.143688 0.150592 0.157478 0.164423 0.171517 0.178867 0.186606 0.194895 0.203922 0.213904 0.225073 0.237661 0.251861 0.267752 0.285138 0.320935 
0.113264 0.121222 0.1285 0.135447 0.142204 0.148856 0.155474 0.162126 0.168887 0.175849 0.183123 0.190845 0.199179 0.208313 0.218457 0.229833 0.242648 0.257051 0.273042 0.310041 
0.112828 0.120529 0.127572 0.134291 0.140821 0.147242 0.153617 0.160005 0.166471 0.173093 0.179965 0.187201 0.194942 0.203353 0.21262 0.222947 0.23454 0.247576 0.262157 0.299847 
0.112421 0.119881 0.126703 0.133211 0.139531 0.145738 0.15189 0.158039 0.164242 0.170563 0.177084 0.183901 0.191134 0.198925 0.20744 0.216862 0.227387 0.239199 0.252448 0.290365 
0.112039 0.119273 0.125889 0.132198 0.138323 0.144332 0.150278 0.15621 0.162175 0.16823 0.174442 0.180894 0.187689 0.194948 0.202817 0.21146 0.221055 0.231786 0.243818 0.281599 
0.11168 0.118701 0.125124 0.131248 0.137189 0.143014 0.148771 0.154503 0.160253 0.166068 0.172008 0.178141 0.184555 0.191356 0.198668 0.206638 0.215428 0.225209 0.236152 0.273528 
0.111342 0.118163 0.124404 0.130353 0.136123 0.141776 0.147357 0.152905 0.158458 0.164058 0.169755 0.175607 0.181689 0.188092 0.194924 0.202313 0.210405 0.219357 0.229334 0.266114 
0.111023 0.117656 0.123724 0.129509 0.135118 0.14061 0.146027 0.151405 0.156778 0.162183 0.167661 0.173264 0.179054 0.185111 0.191526 0.198412 0.205899 0.214129 0.223257 0.259308 
0.110722 0.117176 0.123083 0.128712 0.134169 0.13951 0.144774 0.149994 0.155201 0.160427 0.165707 0.171088 0.176621 0.182373 0.188426 0.194876 0.201837 0.209439 0.217822 0.253059 
0.110437 0.116723 0.122475 0.127958 0.133272 0.138471 0.143591 0.148664 0.153717 0.158778 0.16388 0.16906 0.174364 0.179849 0.185584 0.191654 0.198159 0.205213 0.212945 0.247317 
0.110167 0.116293 0.121899 0.127244 0.132422 0.137487 0.142472 0.147407 0.152317 0.157226 0.162164 0.167163 0.172262 0.17751 0.182966 0.188704 0.194811 0.201387 0.208551 0.242033 
0.109911 0.115884 0.121353 0.126566 0.131616 0.136554 0.141412 0.146218 0.150993 0.155762 0.16055 0.165383 0.170297 0.175334 0.180544 0.18599 0.191749 0.197909 0.204574 0.237165 
0.109667 0.115496 0.120833 0.125921 0.13085 0.135667 0.140406 0.145089 0.14974 0.154378 0.159026 0.163709 0.168456 0.173302 0.178293 0.183482 0.188935 0.194731 0.200961 0.23267 
0.109435 0.115127 0.120339 0.125308 0.130121 0.134824 0.139449 0.144018 0.148551 0.153067 0.157586 0.162129 0.166724 0.171399 0.176194 0.181155 0.18634 0.191815 0.197664 0.228512 
0.109214 0.114775 0.119868 0.124723 0.129426 0.134022 0.138539 0.142999 0.147421 0.151822 0.156221 0.160636 0.165091 0.169611 0.17423 0.178988 0.183934 0.189128 0.194641 0.224657 
0.109004 0.114439 0.119418 0.124166 0.128764 0.133256 0.137671 0.142028 0.146345 0.150639 0.154925 0.159221 0.163547 0.167926 0.172386 0.176962 0.181696 0.186642 0.19186 0.221075 
0.108803 0.114118 0.118989 0.123633 0.128131 0.132525 0.136842 0.141102 0.14532 0.149512 0.153693 0.157878 0.162085 0.166333 0.170649 0.175061 0.179607 0.184331 0.189289 0.217739 
0.10861 0.113812 0.118578 0.123124 0.127527 0.131827 0.136051 0.140217 0.144342 0.148438 0.15252 0.156601 0.160697 0.164826 0.169009 0.173273 0.177649 0.182177 0.186903 0.214625 
0.108426 0.113518 0.118186 0.122637 0.126948 0.131159 0.135294 0.139372 0.143407 0.147412 0.1514 0.155384 0.159376 0.163395 0.167457 0.171586 0.175809 0.180161 0.184682 0.211711 
0.10825 0.113237 0.117809 0.12217 0.126393 0.130518 0.134569 0.138562 0.142512 0.146431 0.150331 0.154222 0.158119 0.162034 0.165984 0.16999 0.174074 0.178268 0.182605 0.208978 
0.108081 0.112967 0.117448 0.121722 0.125862 0.129905 0.133874 0.137787 0.141656 0.145493 0.149308 0.153113 0.156919 0.160738 0.164585 0.168477 0.172435 0.176485 0.180658 0.206409 
0.107919 0.112709 0.117102 0.121292 0.125352 0.129316 0.133208 0.137043 0.140835 0.144593 0.148329 0.152052 0.155772 0.159501 0.163251 0.167039 0.170882 0.174802 0.178826 0.203988 
0.107763 0.11246 0.116769 0.120879 0.124861 0.12875 0.132567 0.136329 0.140046 0.14373 0.14739 0.151035 0.154675 0.158319 0.16198 0.16567 0.169406 0.173208 0.177098 0.201702 
0.107613 0.112221 0.116449 0.120483 0.12439 0.128206 0.131952 0.135643 0.139289 0.142902 0.146489 0.15006 0.153624 0.157188 0.160764 0.164365 0.168003 0.171695 0.175464 0.199539 
0.107469 0.111991 0.116141 0.120101 0.123937 0.127683 0.13136 0.134982 0.138561 0.142106 0.145624 0.149125 0.152615 0.156104 0.159602 0.163117 0.166664 0.170257 0.173914 0.197488 
0.107331 0.11177 0.115845 0.119733 0.1235 0.127179 0.13079 0.134347 0.137861 0.14134 0.144792 0.148225 0.151647 0.155065 0.158487 0.161924 0.165386 0.168886 0.172441 0.195539 
0.107197 0.111557 0.115559 0.119379 0.12308 0.126694 0.130241 0.133735 0.137186 0.140602 0.143991 0.14736 0.150716 0.154066 0.157418 0.160781 0.164163 0.167577 0.171038 0.193684 
0.107068 0.111351 0.115284 0.119037 0.122674 0.126226 0.129712 0.133145 0.136536 0.139892 0.14322 0.146528 0.149821 0.153107 0.156392 0.159684 0.162992 0.166326 0.169699 0.191915 
0.106944 0.111153 0.115018 0.118707 0.122283 0.125774 0.129201 0.132576 0.135909 0.139207 0.142477 0.145725 0.148959 0.152183 0.155404 0.15863 0.161868 0.165127 0.168419 0.190226 
0.106824 0.110962 0.114761 0.118389 0.121905 0.125338 0.128708 0.132027 0.135303 0.138545 0.14176 0.144952 0.148128 0.151293 0.154454 0.157617 0.160789 0.163978 0.167194 0.18861 
0.106709 0.110777 0.114513 0.118081 0.12154 0.124917 0.128232 0.131496 0.134719 0.137907 0.141067 0.144205 0.147326 0.150435 0.153538 0.156641 0.159751 0.162874 0.166019 0.187061 
0.106597 0.110598 0.114274 0.117784 0.121187 0.12451 0.127772 0.130983 0.134154 0.13729 0.140398 0.143484 0.146552 0.149607 0.152655 0.155702 0.158752 0.161812 0.164891 0.185575 
0.106489 0.110425 0.114042 0.117497 0.120845 0.124116 0.127326 0.130487 0.133607 0.136694 0.139752 0.142787 0.145804 0.148808 0.151803 0.154795 0.157789 0.16079 0.163807 0.184148 
0.106384 0.110258 0.113818 0.117218 0.120515 0.123735 0.126895 0.130007 0.133079 0.136117 0.139126 0.142113 0.145082 0.148036 0.150981 0.15392 0.15686 0.159806 0.162763 0.182776 
0.106283 0.110096 0.113601 0.116949 0.120195 0.123366 0.126478 0.129542 0.132567 0.135558 0.138521 0.141461 0.144382 0.147289 0.150185 0.153075 0.155964 0.158856 0.161757 0.181454 
0.106184 0.109939 0.11339 0.116688 0.119885 0.123008 0.126073 0.129092 0.132071 0.135017 0.137935 0.14083 0.143706 0.146566 0.149416 0.152258 0.155098 0.157939 0.160787 0.18018 
0.106089 0.109787 0.113186 0.116435 0.119584 0.122661 0.125681 0.128655 0.13159 0.134492 0.137367 0.140218 0.14305 0.145866 0.148671 0.151468 0.15426 0.157053 0.159851 0.178951 
0.105997 0.10964 0.112989 0.116189 0.119293 0.122325 0.125301 0.128232 0.131124 0.133984 0.136816 0.139625 0.142415 0.145188 0.14795 0.150702 0.15345 0.156197 0.158946 0.177764 
0.105908 0.109497 0.112797 0.115951 0.11901 0.121998 0.124932 0.127821 0.130672 0.13349 0.136282 0.13905 0.141799 0.144531 0.147251 0.149961 0.152665 0.155367 0.158071 0.176617 
0.105821 0.109358 0.112611 0.11572 0.118735 0.121682 0.124574 0.127422 0.130233 0.133012 0.135763 0.138492 0.141201 0.143894 0.146573 0.149243 0.151905 0.154565 0.157224 0.175507 
0.105737 0.109223 0.11243 0.115495 0.118468 0.121374 0.124226 0.127035 0.129806 0.132547 0.13526 0.13795 0.140621 0.143275 0.145916 0.148546 0.151168 0.153787 0.156404 0.174432 
0.105655 0.109092 0.112254 0.115277 0.118209 0.121075 0.123888 0.126658 0.129392 0.132095 0.134771 0.137424 0.140058 0.142674 0.145277 0.147869 0.150453 0.153032 0.155609 0.173391 
0.105575 0.108965 0.112083 0.115065 0.117957 0.120784 0.12356 0.126292 0.128989 0.131656 0.134296 0.136913 0.13951 0.142091 0.144657 0.147213 0.149759 0.1523 0.154838 0.172381 
0.105498 0.108841 0.111917 0.114859 0.117713 0.120502 0.12324 0.125937 0.128598 0.131229 0.133834 0.136416 0.138978 0.141524 0.144055 0.146575 0.149085 0.15159 0.15409 0.171402 
0.105423 0.108721 0.111756 0.114658 0.117474 0.120227 0.122929 0.125591 0.128217 0.130813 0.133384 0.135932 0.138461 0.140972 0.143469 0.145955 0.148431 0.150899 0.153364 0.170451 
0.105349 0.108604 0.111599 0.114463 0.117242 0.119959 0.122627 0.125254 0.127846 0.130409 0.132947 0.135462 0.137957 0.140436 0.1429 0.145352 0.147794 0.150229 0.152658 0.169528 
0.105278 0.10849 0.111446 0.114273 0.117017 0.119699 0.122332 0.124926 0.127485 0.130016 0.132521 0.135004 0.137467 0.139914 0.142345 0.144765 0.147175 0.149576 0.151973 0.16863 
0.105209 0.108379 0.111297 0.114088 0.116797 0.119445 0.122045 0.124606 0.127134 0.129633 0.132106 0.134558 0.13699 0.139405 0.141806 0.144194 0.146572 0.148942 0.151306 0.167757 
0.105141 0.108271 0.111152 0.113908 0.116583 0.119198 0.121766 0.124295 0.126791 0.129259 0.131702 0.134123 0.136525 0.13891 0.141281 0.143638 0.145986 0.148324 0.150657 0.166908 
0.105076 0.108165 0.11101 0.113732 0.116374 0.118957 0.121494 0.123992 0.126458 0.128895 0.131308 0.1337 0.136072 0.138428 0.140769 0.143097 0.145414 0.147723 0.150025 0.166082 
0.105012 0.108063 0.110873 0.113561 0.11617 0.118722 0.121228 0.123696 0.126132 0.128541 0.130925 0.133287 0.135631 0.137958 0.14027 0.142569 0.144858 0.147137 0.14941 0.165277 
0.104949 0.107963 0.110738 0.113394 0.115972 0.118493 0.120969 0.123408 0.125815 0.128195 0.13055 0.132885 0.1352 0.137499 0.139784 0.142055 0.144315 0.146567 0.14881 0.164493 
0.104888 0.107865 0.110607 0.113231 0.115778 0.11827 0.120716 0.123126 0.125505 0.127857 0.130185 0.132492 0.13478 0.137052 0.139309 0.141553 0.143787 0.14601 0.148226 0.163729 
0.104829 0.10777 0.110479 0.113072 0.115589 0.118051 0.12047 0.122852 0.125203 0.127528 0.129829 0.132109 0.13437 0.136616 0.138846 0.141064 0.143271 0.145468 0.147657 0.162984 
0.104771 0.107677 0.110354 0.112917 0.115405 0.117839 0.120229 0.122584 0.124908 0.127206 0.129481 0.131735 0.133971 0.13619 0.138395 0.140587 0.142767 0.144938 0.147101 0.162257 
0.104714 0.107586 0.110232 0.112765 0.115225 0.117631 0.119994 0.122322 0.12462 0.126892 0.129141 0.13137 0.13358 0.135774 0.137954 0.140121 0.142276 0.144422 0.146559 0.161548 
0.104659 0.107498 0.110113 0.112617 0.115049 0.117428 0.119764 0.122066 0.124339 0.126585 0.128809 0.131013 0.133199 0.135368 0.137523 0.139666 0.141796 0.143917 0.14603 0.160855 
0.104605 0.107411 0.109997 0.112473 0.114877 0.117229 0.11954 0.121816 0.124064 0.126285 0.128485 0.130664 0.132826 0.134971 0.137103 0.139221 0.141328 0.143425 0.145513 0.160179 
0.104552 0.107326 0.109883 0.112332 0.114709 0.117036 0.119321 0.121572 0.123795 0.125993 0.128168 0.130324 0.132462 0.134584 0.136692 0.138787 0.14087 0.142944 0.145009 0.159519 
0.1045 0.107244 0.109772 0.112194 0.114545 0.116846 0.119106 0.121334 0.123532 0.125706 0.127858 0.129991 0.132106 0.134205 0.13629 0.138362 0.140423 0.142474 0.144516 0.158874 
0.10445 0.107163 0.109664 0.112059 0.114385 0.116661 0.118897 0.1211 0.123275 0.125426 0.127555 0.129665 0.131757 0.133834 0.135897 0.137947 0.139986 0.142014 0.144034 0.158243 
0.104401 0.107084 0.109558 0.111927 0.114228 0.116479 0.118692 0.120872 0.123024 0.125152 0.127259 0.129347 0.131417 0.133472 0.135513 0.137541 0.139558 0.141565 0.143562 0.157626 
0.104352 0.107007 0.109454 0.111797 0.114074 0.116302 0.118491 0.120649 0.122778 0.124884 0.126969 0.129035 0.131084 0.133117 0.135137 0.137144 0.13914 0.141125 0.143102 0.157023 
0.104305 0.106931 0.109352 0.111671 0.113924 0.116129 0.118295 0.12043 0.122538 0.124622 0.126685 0.12873 0.130758 0.13277 0.134769 0.136756 0.13873 0.140695 0.142651 0.156433 
0.104259 0.106857 0.109253 0.111547 0.113777 0.115959 0.118103 0.120216 0.122302 0.124365 0.126408 0.128432 0.130439 0.132431 0.134409 0.136375 0.13833 0.140274 0.14221 0.155855 
0.104214 0.106785 0.109155 0.111426 0.113633 0.115793 0.117915 0.120007 0.122072 0.124114 0.126136 0.128139 0.130126 0.132099 0.134057 0.136003 0.137938 0.139863 0.141778 0.15529 
0.10417 0.106714 0.10906 0.111308 0.113492 0.11563 0.117731 0.119801 0.121846 0.123868 0.12587 0.127853 0.129821 0.131773 0.133712 0.135639 0.137554 0.139459 0.141356 0.154737 
0.104126 0.106644 0.108967 0.111192 0.113354 0.11547 0.117551 0.119601 0.121625 0.123627 0.125609 0.127573 0.129521 0.131454 0.133374 0.135282 0.137178 0.139065 0.140942 0.154195 
0.104084 0.106576 0.108875 0.111078 0.113219 0.115314 0.117374 0.119404 0.121408 0.123391 0.125353 0.127298 0.129227 0.131142 0.133043 0.134932 0.13681 0.138678 0.140536 0.153664 
0.104042 0.10651 0.108786 0.110967 0.113086 0.115161 0.117201 0.119211 0.121196 0.123159 0.125103 0.127029 0.12894 0.130836 0.132718 0.134589 0.136449 0.138299 0.140139 0.153144 
0.104002 0.106445 0.108698 0.110858 0.112957 0.115011 0.117031 0.119022 0.120988 0.122932 0.124858 0.126765 0.128658 0.130536 0.1324 0.134253 0.136095 0.137927 0.13975 0.152634 
0.103962 0.106381 0.108612 0.110751 0.112829 0.114864 0.116865 0.118837 0.120784 0.12271 0.124617 0.126507 0.128381 0.130241 0.132089 0.133924 0.135749 0.137563 0.139369 0.152134 
0.103923 0.106318 0.108528 0.110646 0.112705 0.11472 0.116702 0.118655 0.120584 0.122492 0.124381 0.126253 0.12811 0.129953 0.131783 0.133601 0.135409 0.137206 0.138995 0.151644 
0.103884 0.106256 0.108445 0.110543 0.112582 0.114579 0.116542 0.118477 0.120388 0.122278 0.12415 0.126005 0.127844 0.12967 0.131483 0.133285 0.135076 0.136856 0.138628 0.151164 
0.103847 0.106196 0.108364 0.110442 0.112462 0.11444 0.116385 0.118302 0.120195 0.122068 0.123923 0.125761 0.127584 0.129393 0.131189 0.132974 0.134749 0.136513 0.138269 0.150692 
0.10381 0.106137 0.108284 0.110343 0.112344 0.114304 0.116231 0.11813 0.120007 0.121862 0.1237 0.125521 0.127328 0.12912 0.130901 0.13267 0.134428 0.136176 0.137916 0.15023 
0.103774 0.106079 0.108206 0.110246 0.112229 0.114171 0.11608 0.117962 0.119821 0.12166 0.123481 0.125286 0.127077 0.128853 0.130618 0.132371 0.134113 0.135846 0.13757 0.149776 
0.103738 0.106022 0.10813 0.110151 0.112116 0.11404 0.115932 0.117797 0.119639 0.121462 0.123267 0.125056 0.12683 0.128591 0.13034 0.132077 0.133804 0.135521 0.13723 0.14933 
0.103704 0.105966 0.108055 0.110057 0.112004 0.113911 0.115786 0.117635 0.119461 0.121268 0.123056 0.12483 0.126588 0.128334 0.130067 0.131789 0.133501 0.135203 0.136896 0.148893 
0.103669 0.105911 0.107981 0.109965 0.111895 0.113785 0.115643 0.117476 0.119286 0.121076 0.12285 0.124607 0.126351 0.128081 0.129799 0.131506 0.133203 0.13489 0.136569 0.148464 
0.103636 0.105858 0.107909 0.109875 0.111788 0.113661 0.115503 0.117319 0.119114 0.120889 0.122647 0.124389 0.126117 0.127833 0.129536 0.131229 0.132911 0.134584 0.136248 0.148042 
0.103603 0.105805 0.107837 0.109787 0.111682 0.113539 0.115365 0.117166 0.118945 0.120705 0.122447 0.124175 0.125888 0.127589 0.129278 0.130956 0.132624 0.134282 0.135932 0.147628 
0.103571 0.105753 0.107768 0.1097 0.111579 0.11342 0.11523 0.117015 0.118779 0.120523 0.122251 0.123964 0.125663 0.12735 0.129024 0.130688 0.132342 0.133986 0.135622 0.147221 
0.103539 0.105702 0.107699 0.109614 0.111477 0.113302 0.115097 0.116867 0.118616 0.120346 0.122059 0.123757 0.125442 0.127114 0.128775 0.130425 0.132064 0.133695 0.135317 0.146821 
0.103508 0.105652 0.107632 0.109531 0.111378 0.113187 0.114966 0.116721 0.118455 0.120171 0.12187 0.123554 0.125225 0.126883 0.12853 0.130166 0.131792 0.133409 0.135018 0.146428 
0.103477 0.105603 0.107565 0.109448 0.111279 0.113073 0.114838 0.116578 0.118298 0.119999 0.121684 0.123354 0.125011 0.126656 0.128289 0.129912 0.131524 0.133128 0.134723 0.146042 
0.103447 0.105554 0.1075 0.109367 0.111183 0.112962 0.114712 0.116438 0.118143 0.11983 0.121501 0.123158 0.124801 0.126432 0.128052 0.129662 0.131261 0.132852 0.134434 0.145662 
0.103417 0.105507 0.107436 0.109287 0.111088 0.112852 0.114588 0.1163 0.117991 0.119664 0.121322 0.122965 0.124595 0.126213 0.12782 0.129416 0.131003 0.13258 0.13415 0.145289 
0.103388 0.10546 0.107374 0.109209 0.110995 0.112745 0.114466 0.116164 0.117841 0.119501 0.121145 0.122775 0.124392 0.125997 0.127591 0.129174 0.130748 0.132313 0.13387 0.144922 
0.10336 0.105414 0.107312 0.109132 0.110903 0.112639 0.114346 0.11603 0.117694 0.119341 0.120972 0.122588 0.124192 0.125785 0.127366 0.128937 0.130498 0.132051 0.133595 0.144561 
0.103331 0.105369 0.107251 0.109057 0.110813 0.112535 0.114228 0.115899 0.117549 0.119183 0.120801 0.122405 0.123996 0.125576 0.127144 0.128703 0.130252 0.131793 0.133325 0.144206 
0.103304 0.105325 0.107191 0.108982 0.110725 0.112432 0.114112 0.115769 0.117407 0.119027 0.120633 0.122224 0.123803 0.12537 0.126927 0.128473 0.13001 0.131539 0.133059 0.143856 
0.103277 0.105281 0.107132 0.108909 0.110638 0.112332 0.113998 0.115642 0.117267 0.118875 0.120467 0.122046 0.123613 0.125168 0.126712 0.128247 0.129772 0.131289 0.132797 0.143513 
0.10325 0.105238 0.107075 0.108837 0.110552 0.112232 0.113886 0.115517 0.117129 0.118724 0.120305 0.121872 0.123426 0.124969 0.126502 0.128024 0.129538 0.131043 0.13254 0.143174 
0.103224 0.105196 0.107018 0.108766 0.110467 0.112135 0.113775 0.115394 0.116994 0.118577 0.120145 0.1217 0.123242 0.124773 0.126294 0.127805 0.129307 0.130801 0.132286 0.142841 
0.103198 0.105154 0.106962 0.108696 0.110384 0.112039 0.113667 0.115273 0.11686 0.118431 0.119987 0.12153 0.123061 0.124581 0.12609 0.12759 0.12908 0.130563 0.132037 0.142514 
0.103172 0.105113 0.106907 0.108628 0.110303 0.111944 0.11356 0.115154 0.116729 0.118288 0.119832 0.121364 0.122883 0.124391 0.125889 0.127378 0.128857 0.130328 0.131792 0.142191 
0.103147 0.105073 0.106852 0.10856 0.110222 0.111851 0.113454 0.115036 0.116599 0.118147 0.11968 0.121199 0.122707 0.124204 0.125691 0.127169 0.128637 0.130097 0.13155 0.141873 
0.103122 0.105033 0.106799 0.108494 0.110143 0.11176 0.113351 0.114921 0.116472 0.118008 0.119529 0.121038 0.122535 0.124021 0.125497 0.126963 0.128421 0.12987 0.131312 0.141561 
0.103098 0.104994 0.106746 0.108428 0.110065 0.11167 0.113249 0.114807 0.116347 0.117871 0.119381 0.120879 0.122365 0.12384 0.125305 0.12676 0.128207 0.129646 0.131078 0.141252 
0.103074 0.104956 0.106695 0.108364 0.109988 0.111581 0.113148 0.114695 0.116223 0.117736 0.119236 0.120722 0.122197 0.123661 0.125116 0.126561 0.127997 0.129426 0.130847 0.140949 
0.103051 0.104918 0.106644 0.1083 0.109913 0.111494 0.113049 0.114584 0.116102 0.117604 0.119092 0.120568 0.122032 0.123486 0.12493 0.126364 0.127791 0.129209 0.130619 0.14065 
0.103028 0.104881 0.106594 0.108238 0.109838 0.111407 0.112952 0.114476 0.115982 0.117473 0.118951 0.120416 0.121869 0.123313 0.124746 0.126171 0.127587 0.128995 0.130396 0.140356 
0.103005 0.104844 0.106544 0.108176 0.109765 0.111323 0.112856 0.114368 0.115864 0.117344 0.118811 0.120266 0.121709 0.123142 0.124566 0.12598 0.127386 0.128784 0.130175 0.140065 
0.102982 0.104808 0.106495 0.108116 0.109693 0.111239 0.112761 0.114263 0.115748 0.117218 0.118674 0.120118 0.121551 0.122974 0.124388 0.125792 0.127188 0.128577 0.129957 0.139779 
0.10296 0.104772 0.106447 0.108056 0.109622 0.111157 0.112668 0.114159 0.115633 0.117093 0.118539 0.119973 0.121396 0.122809 0.124212 0.125607 0.126993 0.128372 0.129743 0.139498 
0.102938 0.104737 0.1064 0.107997 0.109551 0.111076 0.112576 0.114057 0.11552 0.116969 0.118405 0.11983 0.121243 0.122646 0.12404 0.125425 0.126801 0.12817 0.129532 0.13922 
0.102917 0.104703 0.106354 0.107939 0.109482 0.110996 0.112485 0.113956 0.115409 0.116848 0.118274 0.119688 0.121092 0.122485 0.123869 0.125245 0.126612 0.127972 0.129324 0.138946 
0.102895 0.104668 0.106308 0.107882 0.109414 0.110917 0.112396 0.113856 0.115299 0.116728 0.118145 0.119549 0.120943 0.122327 0.123701 0.125067 0.126425 0.127776 0.129119 0.138676 
0.102875 0.104635 0.106262 0.107825 0.109347 0.110839 0.112308 0.113758 0.115191 0.116611 0.118017 0.119412 0.120796 0.12217 0.123536 0.124892 0.126241 0.127582 0.128917 0.13841 
0.102854 0.104602 0.106218 0.10777 0.109281 0.110763 0.112221 0.113661 0.115085 0.116494 0.117891 0.119276 0.120651 0.122016 0.123372 0.12472 0.12606 0.127392 0.128717 0.138147 
0.102834 0.104569 0.106174 0.107715 0.109216 0.110687 0.112136 0.113566 0.11498 0.11638 0.117767 0.119143 0.120509 0.121865 0.123212 0.12455 0.125881 0.127204 0.128521 0.137888 
0.102814 0.104537 0.106131 0.107661 0.109151 0.110613 0.112052 0.113472 0.114876 0.116267 0.117645 0.119011 0.120368 0.121715 0.123053 0.124382 0.125704 0.127019 0.128327 0.137633 
0.102794 0.104505 0.106088 0.107608 0.109088 0.110539 0.111968 0.113379 0.114774 0.116155 0.117524 0.118882 0.120229 0.121567 0.122896 0.124217 0.12553 0.126836 0.128135 0.137381 
0.102774 0.104474 0.106046 0.107555 0.109025 0.110467 0.111886 0.113288 0.114673 0.116045 0.117405 0.118754 0.120092 0.121421 0.122742 0.124054 0.125359 0.126656 0.127947 0.137133 
0.102755 0.104443 0.106004 0.107503 0.108964 0.110396 0.111806 0.113197 0.114574 0.115937 0.117288 0.118627 0.119957 0.121278 0.122589 0.123893 0.125189 0.126478 0.127761 0.136888 
0.102736 0.104413 0.105963 0.107452 0.108903 0.110325 0.111726 0.113108 0.114476 0.11583 0.117172 0.118503 0.119824 0.121136 0.122439 0.123735 0.125022 0.126303 0.127577 0.136646 
0.102718 0.104383 0.105923 0.107402 0.108843 0.110256 0.111647 0.113021 0.114379 0.115724 0.117057 0.11838 0.119692 0.120996 0.122291 0.123578 0.124858 0.12613 0.127396 0.136407 
0.102699 0.104353 0.105883 0.107352 0.108783 0.110187 0.111569 0.112934 0.114284 0.11562 0.116945 0.118259 0.119563 0.120858 0.122145 0.123423 0.124695 0.125959 0.127217 0.136172 
0.102681 0.104324 0.105844 0.107303 0.108725 0.11012 0.111493 0.112849 0.114189 0.115517 0.116833 0.118139 0.119435 0.120722 0.122 0.123271 0.124534 0.125791 0.127041 0.135939 
0.102663 0.104295 0.105805 0.107255 0.108667 0.110053 0.111417 0.112764 0.114097 0.115416 0.116724 0.118021 0.119309 0.120587 0.121858 0.123121 0.124376 0.125625 0.126867 0.13571 
0.102646 0.104267 0.105766 0.107207 0.10861 0.109987 0.111343 0.112681 0.114005 0.115316 0.116615 0.117904 0.119184 0.120455 0.121717 0.122972 0.12422 0.12546 0.126695 0.135483 
0.102628 0.104239 0.105729 0.10716 0.108554 0.109922 0.111269 0.112599 0.113914 0.115217 0.116508 0.117789 0.119061 0.120324 0.121578 0.122825 0.124065 0.125298 0.126525 0.13526 
0.102611 0.104211 0.105691 0.107113 0.108499 0.109858 0.111196 0.112518 0.113825 0.115119 0.116403 0.117676 0.118939 0.120194 0.121441 0.122681 0.123913 0.125138 0.126358 0.135039 
0.102594 0.104184 0.105654 0.107067 0.108444 0.109795 0.111125 0.112438 0.113737 0.115023 0.116298 0.117564 0.118819 0.120067 0.121306 0.122538 0.123762 0.124981 0.126192 0.134821 
0.102577 0.104157 0.105618 0.107022 0.10839 0.109732 0.111054 0.112359 0.11365 0.114928 0.116196 0.117453 0.118701 0.119941 0.121172 0.122397 0.123614 0.124825 0.126029 0.134606 
0.102561 0.10413 0.105582 0.106977 0.108337 0.10967 0.110984 0.112281 0.113564 0.114834 0.116094 0.117344 0.118584 0.119816 0.121041 0.122257 0.123467 0.124671 0.125868 0.134394 
0.102544 0.104104 0.105547 0.106933 0.108284 0.109609 0.110915 0.112204 0.113479 0.114742 0.115994 0.117236 0.118469 0.119693 0.12091 0.12212 0.123323 0.124519 0.125709 0.134184 
0.102528 0.104078 0.105512 0.10689 0.108232 0.109549 0.110847 0.112128 0.113395 0.11465 0.115894 0.117129 0.118355 0.119572 0.120782 0.121984 0.123179 0.124369 0.125551 0.133976 
0.102512 0.104052 0.105477 0.106847 0.108181 0.10949 0.110779 0.112053 0.113312 0.11456 0.115797 0.117024 0.118242 0.119452 0.120655 0.12185 0.123038 0.12422 0.125396 0.133772 
0.102496 0.104027 0.105443 0.106804 0.10813 0.109431 0.110713 0.111978 0.11323 0.11447 0.1157 0.11692 0.118131 0.119334 0.120529 0.121717 0.122899 0.124074 0.125243 0.133569 
0.102481 0.104002 0.105409 0.106762 0.10808 0.109373 0.110647 0.111905 0.11315 0.114382 0.115605 0.116817 0.118021 0.119217 0.120405 0.121586 0.122761 0.123929 0.125091 0.13337 
0.102466 0.103977 0.105376 0.106721 0.108031 0.109316 0.110582 0.111833 0.11307 0.114295 0.11551 0.116716 0.117913 0.119101 0.120283 0.121457 0.122625 0.123786 0.124942 0.133172 
0.10245 0.103953 0.105343 0.10668 0.107982 0.109259 0.110518 0.111761 0.112991 0.114209 0.115417 0.116616 0.117805 0.118987 0.120162 0.121329 0.12249 0.123645 0.124794 0.132977 
0.102435 0.103929 0.105311 0.106639 0.107933 0.109204 0.110455 0.111691 0.112913 0.114124 0.115325 0.116517 0.117699 0.118875 0.120042 0.121203 0.122357 0.123505 0.124648 0.132784 
0.102421 0.103905 0.105279 0.106599 0.107886 0.109148 0.110392 0.111621 0.112836 0.11404 0.115234 0.116419 0.117595 0.118763 0.119924 0.121078 0.122226 0.123367 0.124503 0.132594 
0.102406 0.103882 0.105247 0.10656 0.107839 0.109094 0.11033 0.111552 0.11276 0.113957 0.115144 0.116322 0.117491 0.118653 0.119807 0.120955 0.122096 0.123231 0.12436 0.132405 
0.102392 0.103858 0.105216 0.106521 0.107792 0.10904 0.110269 0.111484 0.112685 0.113875 0.115055 0.116226 0.117389 0.118544 0.119692 0.120833 0.121968 0.123096 0.124219 0.132219 
0.102377 0.103835 0.105185 0.106482 0.107746 0.108987 0.110209 0.111416 0.112611 0.113794 0.114968 0.116132 0.117288 0.118437 0.119578 0.120713 0.121841 0.122963 0.12408 0.132035 
0.102363 0.103813 0.105154 0.106444 0.107701 0.108934 0.110149 0.11135 0.112537 0.113714 0.114881 0.116039 0.117188 0.11833 0.119465 0.120594 0.121716 0.122832 0.123942 0.131854 
0.102349 0.10379 0.105124 0.106406 0.107656 0.108882 0.11009 0.111284 0.112465 0.113635 0.114795 0.115946 0.11709 0.118225 0.119354 0.120476 0.121592 0.122702 0.123806 0.131674 
0.102336 0.103768 0.105094 0.106369 0.107611 0.108831 0.110032 0.111219 0.112393 0.113557 0.11471 0.115855 0.116992 0.118121 0.119244 0.12036 0.121469 0.122573 0.123672 0.131496 
0.102322 0.103746 0.105065 0.106332 0.107568 0.10878 0.109975 0.111155 0.112322 0.113479 0.114627 0.115765 0.116896 0.118019 0.119135 0.120245 0.121348 0.122446 0.123538 0.131321 
0.102309 0.103725 0.105036 0.106296 0.107524 0.10873 0.109918 0.111091 0.112252 0.113403 0.114544 0.115676 0.1168 0.117917 0.119027 0.120131 0.121229 0.12232 0.123407 0.131147 
0.102295 0.103703 0.105007 0.10626 0.107481 0.10868 0.109861 0.111028 0.112183 0.113327 0.114462 0.115588 0.116706 0.117817 0.118921 0.120019 0.12111 0.122196 0.123277 0.130975 
0.102282 0.103682 0.104978 0.106224 0.107439 0.108631 0.109806 0.110966 0.112115 0.113253 0.114381 0.115501 0.116613 0.117718 0.118816 0.119908 0.120993 0.122073 0.123148 0.130805 
0.102269 0.103661 0.10495 0.106189 0.107397 0.108583 0.109751 0.110905 0.112047 0.113179 0.114301 0.115415 0.116521 0.11762 0.118712 0.119798 0.120878 0.121952 0.123021 0.130637 
0.102256 0.103641 0.104922 0.106154 0.107356 0.108535 0.109696 0.110844 0.11198 0.113106 0.114222 0.11533 0.11643 0.117523 0.118609 0.119689 0.120763 0.121832 0.122895 0.130471 
0.102244 0.10362 0.104895 0.10612 0.107315 0.108487 0.109643 0.110784 0.111914 0.113033 0.114143 0.115245 0.11634 0.117427 0.118507 0.119581 0.12065 0.121713 0.122771 0.130307 
0.102231 0.1036 0.104867 0.106086 0.107274 0.10844 0.109589 0.110725 0.111848 0.112962 0.114066 0.115162 0.11625 0.117332 0.118407 0.119475 0.120538 0.121595 0.122647 0.130144 
0.102219 0.10358 0.10484 0.106052 0.107234 0.108394 0.109537 0.110666 0.111784 0.112891 0.113989 0.11508 0.116162 0.117238 0.118307 0.11937 0.120427 0.121479 0.122526 0.129983 
0.102206 0.10356 0.104814 0.106019 0.107194 0.108348 0.109485 0.110608 0.11172 0.112821 0.113914 0.114998 0.116075 0.117145 0.118209 0.119266 0.120318 0.121364 0.122405 0.129824 
0.102194 0.103541 0.104787 0.105986 0.107155 0.108302 0.109433 0.110551 0.111656 0.112752 0.113839 0.114917 0.115989 0.117053 0.118111 0.119163 0.120209 0.12125 0.122286 0.129667 
0.102182 0.103521 0.104761 0.105954 0.107116 0.108258 0.109382 0.110494 0.111594 0.112684 0.113765 0.114838 0.115903 0.116962 0.118015 0.119061 0.120102 0.121138 0.122168 0.129511 
