4.21745e-07
5.31512e-07
6.41279e-07
7.51046e-07
8.60814e-07
9.70581e-07
1.08035e-06
1.19012e-06
1.29988e-06
1.40965e-06
1.51942e-06
1.62918e-06
1.73895e-06
1.84872e-06
1.95849e-06
2.06825e-06
2.17802e-06
2.28779e-06
2.39755e-06
2.50732e-06
2.61709e-06
2.72686e-06
2.83662e-06
2.94639e-06
3.05616e-06
3.16592e-06
3.27569e-06
3.38546e-06
3.49523e-06
3.60499e-06
3.71476e-06
3.82453e-06
3.93429e-06
4.04406e-06
4.15383e-06
4.2636e-06
4.37336e-06
4.48313e-06
4.5929e-06
4.70266e-06
4.81243e-06
4.9222e-06
5.03197e-06
5.14173e-06
5.2515e-06
5.36127e-06
5.47104e-06
5.5808e-06
5.69057e-06
5.80034e-06
5.9101e-06
6.01987e-06
6.12964e-06
6.23941e-06
6.34917e-06
6.45894e-06
6.56871e-06
6.67847e-06
6.78824e-06
6.89801e-06
7.00778e-06
7.11754e-06
7.22731e-06
7.33708e-06
7.44684e-06
7.55661e-06
7.66638e-06
7.77615e-06
7.88591e-06
7.99568e-06
8.10545e-06
8.21521e-06
8.32498e-06
8.43475e-06
8.54452e-06
8.65428e-06
8.76405e-06
8.87382e-06
8.98359e-06
9.09335e-06
9.20312e-06
9.31289e-06
9.42265e-06
9.53242e-06
9.64219e-06
9.75196e-06
9.86172e-06
9.97149e-06
1.00813e-05
1.0191e-05
1.03008e-05
1.04106e-05
1.05203e-05
1.06301e-05
1.07399e-05
1.08496e-05
1.09594e-05
1.10692e-05
1.11789e-05
1.12887e-05
1.13985e-05
1.15083e-05
1.1618e-05
1.17278e-05
1.18376e-05
1.19473e-05
1.20571e-05
1.21669e-05
1.22767e-05
1.23865e-05
1.24962e-05
1.2606e-05
1.27158e-05
1.28256e-05
1.29354e-05
1.30452e-05
1.3155e-05
1.32649e-05
1.33747e-05
1.34845e-05
1.35944e-05
1.37043e-05
1.38141e-05
1.3924e-05
1.4034e-05
1.41439e-05
1.42539e-05
1.43639e-05
1.44739e-05
1.4584e-05
1.46941e-05
1.48043e-05
1.49145e-05
1.50248e-05
1.51352e-05
1.52457e-05
1.53562e-05
1.54669e-05
1.55777e-05
1.56886e-05
1.57997e-05
1.59109e-05
1.60224e-05
1.6134e-05
1.62459e-05
1.63581e-05
1.64706e-05
1.65835e-05
1.66967e-05
1.68103e-05
1.69245e-05
1.70392e-05
1.71544e-05
1.72704e-05
1.73871e-05
1.75046e-05
1.7623e-05
1.77424e-05
1.7863e-05
1.79848e-05
1.8108e-05
1.82326e-05
1.8359e-05
1.84871e-05
1.86173e-05
1.87496e-05
1.88844e-05
1.90218e-05
1.9162e-05
1.93053e-05
1.94519e-05
1.96022e-05
1.97564e-05
1.99148e-05
2.00777e-05
2.02454e-05
2.04182e-05
2.05964e-05
2.07803e-05
2.09703e-05
2.11666e-05
2.13694e-05
2.15792e-05
2.1796e-05
2.20202e-05
2.22519e-05
2.24914e-05
2.27387e-05
2.29939e-05
2.32572e-05
2.35286e-05
2.38081e-05
2.40958e-05
2.43915e-05
2.46953e-05
2.5007e-05
2.53266e-05
2.56539e-05
2.59888e-05
2.63311e-05
2.66807e-05
2.70374e-05
2.7401e-05
2.77714e-05
2.81483e-05
2.85316e-05
2.89211e-05
2.93165e-05
2.97177e-05
3.01246e-05
3.05369e-05
3.09545e-05
3.13771e-05
3.18047e-05
3.2237e-05
3.26739e-05
3.31153e-05
3.3561e-05
3.40109e-05
3.44648e-05
3.49226e-05
3.53842e-05
3.58495e-05
3.63184e-05
3.67907e-05
3.72663e-05
3.77452e-05
3.82272e-05
3.87123e-05
3.92004e-05
3.96914e-05
4.01851e-05
4.06816e-05
4.11808e-05
4.16826e-05
4.21868e-05
4.26936e-05
4.32027e-05
4.37142e-05
4.42279e-05
4.47439e-05
4.52621e-05
4.57823e-05
4.63047e-05
4.68291e-05
4.73554e-05
4.78837e-05
4.84139e-05
4.89459e-05
4.94797e-05
5.00154e-05
5.05527e-05
5.10918e-05
5.16325e-05
5.21749e-05
5.27188e-05
5.32644e-05
5.38115e-05
5.43601e-05
5.49101e-05
5.54616e-05
5.60146e-05
5.65689e-05
5.71246e-05
5.76817e-05
5.82401e-05
5.87998e-05
5.93608e-05
5.99231e-05
6.04867e-05
6.10516e-05
6.16177e-05
6.2185e-05
6.27535e-05
6.33233e-05
6.38942e-05
6.44663e-05
6.50396e-05
6.5614e-05
6.61895e-05
6.67662e-05
6.7344e-05
6.79229e-05
6.85029e-05
6.9084e-05
6.96661e-05
7.02493e-05
7.08335e-05
7.14187e-05
7.2005e-05
7.25922e-05
7.31805e-05
7.37697e-05
7.43599e-05
7.4951e-05
7.55431e-05
7.61361e-05
7.67301e-05
7.73249e-05
7.79207e-05
7.85173e-05
7.91148e-05
7.97132e-05
8.03124e-05
8.09125e-05
8.15134e-05
8.21151e-05
8.27177e-05
8.3321e-05
8.39251e-05
8.453e-05
8.51357e-05
8.57421e-05
8.63493e-05
8.69572e-05
8.75659e-05
8.81753e-05
8.87853e-05
8.93961e-05
9.00076e-05
9.06198e-05
9.12326e-05
9.18461e-05
9.24603e-05
9.30751e-05
9.36905e-05
9.43066e-05
9.49233e-05
9.55406e-05
9.61586e-05
9.67771e-05
9.73962e-05
9.80159e-05
9.86362e-05
9.9257e-05
9.98784e-05
0.0001005
0.000101123
0.000101746
0.00010237
0.000102994
0.000103618
0.000104243
0.000104869
0.000105495
0.000106122
0.000106749
0.000107376
0.000108005
0.000108633
0.000109262
0.000109892
0.000110521
0.000111152
0.000111783
0.000112414
0.000113045
0.000113678
0.00011431
0.000114943
0.000115576
0.00011621
0.000116844
0.000117479
0.000118113
0.000118749
0.000119384
0.00012002
0.000120657
0.000121294
0.000121931
0.000122568
0.000123206
0.000123844
0.000124483
0.000125121
0.000125761
0.0001264
0.00012704
0.00012768
0.000128321
0.000128961
0.000129603
0.000130244
0.000130886
0.000131528
0.00013217
0.000132813
0.000133455
0.000134099
0.000134742
0.000135386
0.00013603
0.000136674
0.000137319
0.000137964
0.000138609
0.000139254
0.0001399
0.000140546
0.000141192
0.000141838
0.000142485
0.000143132
0.000143779
0.000144426
0.000145074
0.000145722
0.00014637
0.000147018
0.000147666
0.000148315
0.000148964
0.000149613
0.000150263
0.000150912
0.000151562
0.000152212
0.000152862
0.000153513
0.000154164
0.000154814
0.000155465
0.000156117
0.000156768
0.00015742
0.000158072
0.000158724
0.000159376
0.000160028
0.000160681
0.000161334
0.000161987
0.00016264
0.000163293
0.000163947
0.0001646
0.000165254
0.000165908
0.000166562
0.000167217
0.000167871
0.000168526
0.00016918
0.000169835
0.000170491
0.000171146
0.000171801
0.000172457
0.000173113
0.000173769
0.000174425
0.000175081
0.000175737
0.000176394
0.00017705
0.000177707
0.000178364
0.000179021
0.000179679
0.000180336
0.000180993
0.000181651
0.000182309
0.000182967
0.000183625
0.000184283
0.000184941
0.0001856
0.000186258
0.000186917
0.000187576
0.000188235
0.000188894
0.000189553
0.000190212
0.000190872
0.000191531
0.000192191
0.00019285
0.00019351
0.00019417
0.000194831
0.000195491
0.000196151
0.000196812
0.000197472
0.000198133
0.000198794
0.000199454
0.000200115
0.000200777
0.000201438
0.000202099
0.000202761
0.000203422
0.000204084
0.000204745
0.000205407
0.000206069
0.000206731
0.000207393
0.000208056
0.000208718
0.00020938
0.000210043
0.000210705
0.000211368
0.000212031
0.000212694
0.000213357
0.00021402
0.000214683
0.000215346
0.00021601
0.000216673
0.000217337
0.000218
0.000218664
0.000219328
0.000219991
0.000220655
0.000221319
0.000221984
0.000222648
0.000223312
0.000223976
0.000224641
0.000225305
0.00022597
0.000226635
0.000227299
0.000227964
0.000228629
0.000229294
0.000229959
0.000230624
0.00023129
0.000231955
0.00023262
0.000233286
0.000233951
0.000234617
0.000235282
0.000235948
0.000236614
0.00023728
0.000237946
0.000238612
0.000239278
0.000239944
0.00024061
0.000241277
0.000241943
0.000242609
0.000243276
0.000243942
0.000244609
0.000245276
0.000245943
0.000246609
0.000247276
0.000247943
0.00024861
0.000249277
0.000249944
0.000250612
0.000251279
0.000251946
0.000252614
0.000253281
0.000253949
0.000254616
0.000255284
0.000255952
0.000256619
0.000257287
0.000257955
0.000258623
0.000259291
0.000259959
0.000260627
0.000261295
0.000261963
0.000262632
0.0002633
0.000263968
0.000264637
0.000265305
0.000265974
0.000266643
0.000267311
0.00026798
0.000268649
0.000269318
0.000269986
0.000270655
0.000271324
0.000271993
0.000272662
0.000273332
0.000274001
0.00027467
0.000275339
0.000276009
0.000276678
0.000277347
0.000278017
0.000278686
0.000279356
0.000280026
0.000280695
0.000281365
0.000282035
0.000282705
0.000283374
0.000284044
0.000284714
0.000285384
0.000286054
0.000286724
0.000287395
0.000288065
0.000288735
0.000289405
0.000290076
0.000290746
0.000291416
0.000292087
0.000292757
0.000293428
0.000294098
0.000294769
0.00029544
0.00029611
0.000296781
0.000297452
0.000298123
0.000298794
0.000299465
0.000300136
0.000300807
0.000301478
0.000302149
0.00030282
0.000303491
0.000304162
0.000304833
0.000305505
0.000306176
0.000306847
0.000307519
0.00030819
0.000308862
0.000309533
0.000310205
0.000310876
0.000311548
0.00031222
0.000312891
0.000313563
0.000314235
0.000314907
0.000315579
0.000316251
0.000316923
0.000317595
0.000318267
0.000318939
0.000319611
0.000320283
0.000320955
0.000321627
0.000322299
0.000322972
0.000323644
0.000324316
0.000324988
0.000325661
0.000326333
0.000327006
0.000327678
0.000328351
0.000329023
0.000329696
0.000330369
0.000331041
0.000331714
0.000332387
0.000333059
0.000333732
0.000334405
0.000335078
0.000335751
0.000336424
0.000337097
0.00033777
0.000338443
0.000339116
0.000339789
0.000340462
0.000341135
0.000341808
0.000342481
0.000343155
0.000343828
0.000344501
0.000345174
0.000345848
0.000346521
0.000347195
0.000347868
0.000348541
0.000349215
0.000349888
0.000350562
0.000351236
0.000351909
0.000352583
0.000353257
0.00035393
0.000354604
0.000355278
0.000355951
0.000356625
0.000357299
0.000357973
0.000358647
0.000359321
0.000359995
0.000360669
0.000361343
0.000362017
0.000362691
0.000363365
0.000364039
0.000364713
0.000365387
0.000366061
0.000366736
0.00036741
0.000368084
0.000368758
0.000369433
0.000370107
0.000370781
0.000371456
0.00037213
0.000372805
0.000373479
0.000374154
0.000374828
0.000375503
0.000376177
0.000376852
0.000377527
0.000378201
0.000378876
0.000379551
0.000380225
0.0003809
0.000381575
0.00038225
0.000382924
0.000383599
0.000384274
0.000384949
0.000385624
0.000386299
0.000386974
0.000387649
0.000388324
0.000388999
0.000389674
0.000390349
0.000391024
0.000391699
0.000392374
0.000393049
0.000393724
0.0003944
0.000395075
0.00039575
0.000396425
0.000397101
0.000397776
0.000398451
0.000399127
0.000399802
0.000400477
0.000401153
0.000401828
0.000402504
0.000403179
0.000403855
0.00040453
0.000405206
0.000405881
0.000406557
0.000407232
0.000407908
0.000408584
0.000409259
0.000409935
0.000410611
0.000411286
0.000411962
0.000412638
0.000413314
0.00041399
0.000414665
0.000415341
0.000416017
0.000416693
0.000417369
0.000418045
0.000418721
0.000419397
0.000420073
0.000420749
0.000421425
0.000422101
0.000422777
0.000423453
0.000424129
0.000424805
0.000425481
0.000426157
0.000426834
0.00042751
0.000428186
0.000428862
0.000429538
0.000430215
0.000430891
0.000431567
0.000432243
0.00043292
0.000433596
0.000434273
0.000434949
0.000435625
0.000436302
0.000436978
0.000437655
0.000438331
0.000439008
0.000439684
0.000440361
0.000441037
0.000441714
0.00044239
0.000443067
0.000443743
0.00044442
0.000445097
0.000445773
0.00044645
0.000447127
0.000447803
0.00044848
0.000449157
0.000449834
0.00045051
0.000451187
0.000451864
0.000452541
0.000453218
0.000453895
0.000454571
0.000455248
0.000455925
0.000456602
0.000457279
0.000457956
0.000458633
0.00045931
0.000459987
0.000460664
0.000461341
0.000462018
0.000462695
0.000463372
0.000464049
0.000464726
0.000465403
0.000466081
0.000466758
0.000467435
0.000468112
0.000468789
0.000469466
0.000470144
0.000470821
0.000471498
0.000472175
0.000472853
0.00047353
0.000474207
0.000474885
0.000475562
0.000476239
0.000476917
0.000477594
0.000478271
0.000478949
0.000479626
0.000480304
0.000480981
0.000481659
0.000482336
0.000483014
0.000483691
0.000484369
0.000485046
0.000485724
0.000486401
0.000487079
0.000487756
0.000488434
0.000489112
0.000489789
0.000490467
0.000491145
0.000491822
0.0004925
0.000493178
0.000493855
0.000494533
0.000495211
0.000495889
0.000496566
0.000497244
0.000497922
0.0004986
0.000499278
0.000499955
0.000500633
0.000501311
0.000501989
0.000502667
0.000503345
0.000504023
0.0005047
0.000505378
0.000506056
0.000506734
0.000507412
0.00050809
0.000508768
0.000509446
0.000510124
0.000510802
0.00051148
0.000512158
0.000512836
0.000513514
0.000514193
0.000514871
0.000515549
0.000516227
0.000516905
0.000517583
0.000518261
0.000518939
0.000519618
0.000520296
0.000520974
0.000521652
0.00052233
0.000523009
0.000523687
0.000524365
0.000525043
0.000525722
0.0005264
0.000527078
0.000527757
0.000528435
0.000529113
0.000529792
0.00053047
0.000531148
0.000531827
0.000532505
0.000533184
0.000533862
0.00053454
0.000535219
0.000535897
0.000536576
0.000537254
0.000537933
0.000538611
0.00053929
0.000539968
0.000540647
0.000541325
0.000542004
0.000542682
0.000543361
0.00054404
0.000544718
0.000545397
0.000546075
0.000546754
0.000547433
0.000548111
0.00054879
0.000549469
0.000550147
0.000550826
0.000551505
0.000552183
0.000552862
0.000553541
0.000554219
0.000554898
0.000555577
0.000556256
0.000556934
0.000557613
0.000558292
0.000558971
0.00055965
0.000560328
0.000561007
0.000561686
0.000562365
0.000563044
0.000563723
0.000564402
0.00056508
0.000565759
0.000566438
0.000567117
0.000567796
0.000568475
0.000569154
0.000569833
0.000570512
0.000571191
0.00057187
0.000572549
0.000573228
0.000573907
0.000574586
0.000575265
0.000575944
0.000576623
0.000577302
0.000577981
0.00057866
0.000579339
0.000580018
0.000580697
0.000581377
0.000582056
0.000582735
0.000583414
0.000584093
0.000584772
0.000585451
0.000586131
0.00058681
0.000587489
0.000588168
0.000588847
0.000589527
0.000590206
0.000590885
0.000591564
0.000592243
0.000592923
0.000593602
0.000594281
0.000594961
0.00059564
0.000596319
0.000596998
0.000597678
0.000598357
0.000599036
0.000599716
0.000600395
0.000601074
0.000601754
0.000602433
0.000603113
0.000603792
0.000604471
0.000605151
0.00060583
0.00060651
0.000607189
0.000607868
0.000608548
0.000609227
0.000609907
0.000610586
0.000611266
0.000611945
0.000612625
0.000613304
0.000613984
0.000614663
0.000615343
0.000616022
0.000616702
0.000617381
0.000618061
0.000618741
0.00061942
0.0006201
0.000620779
0.000621459
0.000622139
0.000622818
0.000623498
0.000624177
0.000624857
0.000625537
0.000626216
0.000626896
0.000627576
0.000628255
0.000628935
0.000629615
0.000630294
0.000630974
0.000631654
0.000632333
0.000633013
0.000633693
0.000634373
0.000635052
0.000635732
0.000636412
0.000637092
0.000637771
0.000638451
0.000639131
0.000639811
0.000640491
0.00064117
0.00064185
0.00064253
0.00064321
0.00064389
0.00064457
0.000645249
0.000645929
0.000646609
0.000647289
0.000647969
0.000648649
0.000649329
0.000650009
0.000650688
0.000651368
0.000652048
0.000652728
0.000653408
0.000654088
0.000654768
0.000655448
0.000656128
0.000656808
0.000657488
0.000658168
0.000658848
0.000659528
0.000660208
0.000660888
0.000661568
0.000662248
0.000662928
0.000663608
0.000664288
0.000664968
0.000665648
0.000666328
0.000667008
0.000667688
0.000668368
0.000669048
0.000669729
0.000670409
0.000671089
0.000671769
0.000672449
0.000673129
0.000673809
0.000674489
0.000675169
0.00067585
0.00067653
0.00067721
0.00067789
0.00067857
0.00067925
0.000679931
0.000680611
0.000681291
0.000681971
0.000682651
0.000683332
0.000684012
0.000684692
0.000685372
0.000686053
0.000686733
0.000687413
0.000688093
0.000688774
0.000689454
0.000690134
0.000690814
0.000691495
0.000692175
0.000692855
0.000693536
0.000694216
0.000694896
0.000695576
0.000696257
0.000696937
0.000697617
0.000698298
0.000698978
0.000699659
0.000700339
0.000701019
0.0007017
0.00070238
0.00070306
0.000703741
0.000704421
0.000705102
0.000705782
0.000706462
0.000707143
0.000707823
0.000708504
0.000709184
0.000709865
0.000710545
0.000711225
0.000711906
0.000712586
0.000713267
0.000713947
0.000714628
0.000715308
0.000715989
0.000716669
0.00071735
0.00071803
0.000718711
0.000719391
0.000720072
0.000720752
0.000721433
0.000722113
0.000722794
0.000723474
0.000724155
0.000724836
0.000725516
0.000726197
0.000726877
0.000727558
0.000728238
0.000728919
0.0007296
0.00073028
0.000730961
0.000731641
0.000732322
0.000733003
0.000733683
0.000734364
0.000735044
0.000735725
0.000736406
0.000737086
0.000737767
0.000738448
0.000739128
0.000739809
0.00074049
0.00074117
0.000741851
0.000742532
0.000743212
0.000743893
0.000744574
0.000745255
0.000745935
0.000746616
0.000747297
0.000747977
0.000748658
0.000749339
0.00075002
0.0007507
0.000751381
0.000752062
0.000752743
0.000753423
0.000754104
0.000754785
0.000755466
0.000756147
0.000756827
0.000757508
0.000758189
0.00075887
0.000759551
0.000760231
0.000760912
0.000761593
0.000762274
0.000762955
0.000763636
0.000764316
0.000764997
0.000765678
0.000766359
0.00076704
0.000767721
0.000768402
0.000769082
0.000769763
0.000770444
0.000771125
0.000771806
0.000772487
0.000773168
0.000773849
0.00077453
0.00077521
0.000775891
0.000776572
0.000777253
0.000777934
0.000778615
0.000779296
0.000779977
0.000780658
0.000781339
0.00078202
0.000782701
0.000783382
0.000784063
0.000784744
0.000785425
0.000786106
0.000786787
0.000787468
0.000788149
0.00078883
0.000789511
0.000790192
0.000790873
0.000791554
0.000792235
0.000792916
0.000793597
0.000794278
0.000794959
0.00079564
0.000796321
0.000797002
0.000797683
0.000798364
0.000799045
0.000799726
0.000800407
0.000801088
0.000801769
0.000802451
0.000803132
0.000803813
0.000804494
0.000805175
0.000805856
0.000806537
0.000807218
0.000807899
0.00080858
0.000809262
0.000809943
0.000810624
0.000811305
0.000811986
0.000812667
0.000813348
0.00081403
0.000814711
0.000815392
0.000816073
0.000816754
0.000817435
0.000818117
0.000818798
0.000819479
0.00082016
0.000820841
0.000821522
0.000822204
0.000822885
0.000823566
0.000824247
0.000824929
0.00082561
0.000826291
0.000826972
0.000827653
0.000828335
0.000829016
0.000829697
0.000830378
0.00083106
0.000831741
0.000832422
0.000833103
0.000833785
0.000834466
0.000835147
0.000835828
0.00083651
0.000837191
0.000837872
0.000838554
0.000839235
0.000839916
0.000840597
0.000841279
0.00084196
0.000842641
0.000843323
0.000844004
0.000844685
0.000845367
0.000846048
0.000846729
0.000847411
0.000848092
0.000848773
0.000849455
0.000850136
0.000850817
0.000851499
0.00085218
0.000852861
0.000853543
0.000854224
0.000854906
0.000855587
0.000856268
0.00085695
0.000857631
0.000858312
0.000858994
0.000859675
0.000860357
0.000861038
0.000861719
0.000862401
0.000863082
0.000863764
0.000864445
0.000865127
0.000865808
0.000866489
0.000867171
0.000867852
0.000868534
0.000869215
0.000869897
0.000870578
0.00087126
0.000871941
0.000872622
0.000873304
0.000873985
0.000874667
0.000875348
0.00087603
0.000876711
0.000877393
0.000878074
0.000878756
0.000879437
0.000880119
0.0008808
0.000881482
0.000882163
0.000882845
0.000883526
0.000884208
0.000884889
0.000885571
0.000886252
0.000886934
0.000887615
0.000888297
0.000888979
0.00088966
0.000890342
0.000891023
0.000891705
0.000892386
0.000893068
0.000893749
0.000894431
0.000895112
0.000895794
0.000896476
0.000897157
0.000897839
0.00089852
0.000899202
0.000899884
0.000900565
0.000901247
0.000901928
0.00090261
0.000903292
0.000903973
0.000904655
0.000905336
0.000906018
0.0009067
0.000907381
0.000908063
0.000908744
0.000909426
0.000910108
0.000910789
0.000911471
0.000912153
0.000912834
0.000913516
0.000914198
0.000914879
0.000915561
0.000916243
0.000916924
0.000917606
0.000918288
0.000918969
0.000919651
0.000920333
0.000921014
0.000921696
0.000922378
0.000923059
0.000923741
0.000924423
0.000925104
0.000925786
0.000926468
0.00092715
0.000927831
0.000928513
0.000929195
0.000929876
0.000930558
0.00093124
0.000931922
0.000932603
0.000933285
0.000933967
0.000934648
0.00093533
0.000936012
0.000936694
0.000937375
0.000938057
0.000938739
0.000939421
0.000940102
0.000940784
0.000941466
0.000942148
0.00094283
0.000943511
0.000944193
0.000944875
0.000945557
0.000946238
0.00094692
0.000947602
0.000948284
0.000948966
0.000949647
0.000950329
0.000951011
0.000951693
0.000952375
0.000953056
0.000953738
0.00095442
0.000955102
0.000955784
0.000956465
0.000957147
0.000957829
0.000958511
0.000959193
0.000959875
0.000960556
0.000961238
0.00096192
0.000962602
0.000963284
0.000963966
0.000964648
0.000965329
0.000966011
0.000966693
0.000967375
0.000968057
0.000968739
0.000969421
0.000970102
0.000970784
0.000971466
0.000972148
0.00097283
0.000973512
0.000974194
0.000974876
0.000975558
0.000976239
0.000976921
0.000977603
0.000978285
0.000978967
0.000979649
0.000980331
0.000981013
0.000981695
0.000982377
0.000983059
0.00098374
0.000984422
0.000985104
0.000985786
0.000986468
0.00098715
0.000987832
0.000988514
0.000989196
0.000989878
0.00099056
0.000991242
0.000991924
0.000992606
0.000993288
0.00099397
0.000994652
0.000995334
0.000996016
0.000996697
0.000997379
0.000998061
0.000998743
0.000999425
0.00100011
0.00100079
0.00100147
0.00100215
0.00100284
0.00100352
0.0010042
0.00100488
0.00100556
0.00100625
0.00100693
0.00100761
0.00100829
0.00100897
0.00100966
0.00101034
0.00101102
0.0010117
0.00101238
0.00101307
0.00101375
0.00101443
0.00101511
0.00101579
0.00101648
0.00101716
0.00101784
0.00101852
0.0010192
0.00101989
0.00102057
0.00102125
0.00102193
0.00102261
0.0010233
0.00102398
0.00102466
0.00102534
0.00102602
0.00102671
0.00102739
0.00102807
0.00102875
0.00102943
0.00103012
0.0010308
0.00103148
0.00103216
0.00103285
0.00103353
0.00103421
0.00103489
0.00103557
0.00103626
0.00103694
0.00103762
0.0010383
0.00103898
0.00103967
0.00104035
0.00104103
0.00104171
0.00104239
0.00104308
0.00104376
0.00104444
0.00104512
0.00104581
0.00104649
0.00104717
0.00104785
0.00104853
0.00104922
0.0010499
0.00105058
0.00105126
0.00105194
0.00105263
0.00105331
0.00105399
0.00105467
0.00105536
0.00105604
0.00105672
0.0010574
0.00105808
0.00105877
0.00105945
0.00106013
0.00106081
0.00106149
0.00106218
0.00106286
0.00106354
0.00106422
0.00106491
0.00106559
0.00106627
0.00106695
0.00106763
0.00106832
0.001069
0.00106968
0.00107036
0.00107105
0.00107173
0.00107241
0.00107309
0.00107377
0.00107446
0.00107514
0.00107582
0.0010765
0.00107719
0.00107787
0.00107855
0.00107923
0.00107991
0.0010806
0.00108128
0.00108196
0.00108264
0.00108333
0.00108401
0.00108469
0.00108537
0.00108605
0.00108674
0.00108742
0.0010881
